0 200 200 497 247 0 0
12 200 200 499 249 0 0
18 200 200 501 251 0 0
38 200 200 503 253 0 0
68 200 200 505 255 0 0
88 200 200 507 257 0 0
197 200 200 509 259 0 0
212 200 200 511 261 0 0
220 200 200 513 263 0 0
236 200 200 515 265 0 0
245 200 200 517 267 0 0
277 200 200 519 269 0 0
287 200 200 521 271 0 0
352 200 200 523 273 0 0
359 200 200 525 275 0 0
418 200 200 527 277 0 0
427 200 200 529 279 0 0
466 200 200 531 281 0 0
471 200 200 533 283 0 0
534 200 200 535 285 0 0
542 200 200 537 287 0 0
554 200 200 539 289 0 0
634 200 200 541 291 0 0
638 200 200 543 293 0 0
743 200 200 545 295 0 0
754 200 200 547 297 0 0
809 200 200 549 299 0 0
825 200 200 551 301 0 0
837 200 200 553 303 0 0
868 200 200 555 305 0 0
877 200 200 557 307 0 0
888 200 200 559 309 0 0
935 200 200 561 311 0 0
946 200 200 563 313 0 0
960 200 200 565 315 0 0
989 200 200 567 317 0 0
1012 200 200 569 319 0 0
1022 200 200 571 321 0 0
1083 200 200 573 323 0 0
1099 200 200 575 325 0 0
1108 200 200 577 327 0 0
1164 200 200 579 329 0 0
1179 200 200 581 331 0 0
1188 200 200 583 333 0 0
1240 200 200 585 335 0 0
1254 200 200 587 337 0 0
1263 200 200 589 339 0 0
1299 200 200 591 341 0 0
1307 200 200 593 343 0 0
1357 200 200 595 345 0 0
1371 200 200 597 347 0 0
1379 200 200 599 349 0 0
1429 200 200 601 351 0 0
1435 200 200 603 353 0 0
1494 200 200 605 355 0 0
1503 200 200 607 357 0 0
1511 200 200 609 359 0 0
1553 200 200 611 361 0 0
1564 200 200 613 363 0 0
1574 200 200 615 365 0 0
1613 200 200 617 367 0 0
1625 200 200 619 369 0 0
1632 200 200 621 371 0 0
1689 200 200 623 373 0 0
1697 200 200 625 375 0 0
1748 200 200 627 377 0 0
1761 200 200 629 379 0 0
1771 200 200 631 381 0 0
1810 200 200 633 383 0 0
1832 200 200 635 385 0 0
1842 200 200 637 387 0 0
1890 200 200 639 389 0 0
1898 200 200 641 391 0 0
1916 200 200 643 393 0 0
1934 200 200 645 395 0 0
1944 200 200 647 397 0 0
1952 200 200 649 399 0 0
2006 200 206 651 401 0 0
2015 200 212 653 403 0 0
2029 200 218 655 405 0 0
2036 200 224 657 407 0 0
2089 200 230 659 409 0 0
2101 200 236 661 411 0 0
2108 200 242 663 413 0 0
2142 200 248 665 415 0 0
2150 200 254 667 417 0 0
2201 200 260 669 419 0 0
2215 200 266 671 421 0 0
2227 200 272 673 423 0 0
2278 200 272 675 425 0 0
2289 200 272 677 427 0 0
2297 200 272 679 429 0 0
2340 200 272 681 431 0 0
2347 200 272 683 433 0 0
2398 200 272 685 435 0 0
2407 200 272 687 437 0 0
2415 200 272 689 439 0 0
2468 200 272 691 441 0 0
2477 200 272 693 443 0 0
2507 200 272 695 445 0 0
2514 200 272 697 447 0 0
2573 200 272 699 449 0 0
2585 200 272 701 451 0 0
2598 200 272 703 453 0 0
2607 200 278 705 455 0 0
2635 200 284 707 457 0 0
2647 200 290 709 459 0 0
2656 200 296 711 461 0 0
2708 200 302 713 463 0 0
2718 200 308 715 465 0 0
2729 200 314 717 467 0 0
2779 200 320 719 469 0 0
2790 200 326 721 471 0 0
2799 200 332 723 473 0 0
2829 200 338 725 475 0 0
2838 200 344 727 477 0 0
2889 200 350 729 479 0 0
2901 200 356 731 481 0 0
2906 200 362 733 483 0 0
2947 200 368 735 485 0 0
2955 200 374 737 487 0 0
2994 200 380 739 489 0 0
3003 200 386 741 491 0 0
3010 200 392 743 489 0 0
3057 200 398 745 487 0 0
3064 200 398 747 485 0 0
3106 200 398 749 483 0 0
3122 200 398 751 481 0 0
3128 200 398 753 479 0 0
3171 200 398 755 477 0 0
3182 200 398 757 475 0 0
3238 200 398 759 473 0 0
3245 200 398 761 471 0 0
3284 200 398 763 469 0 0
3295 200 398 765 467 0 0
3334 200 398 767 465 0 0
3343 200 398 769 463 0 0
3388 200 398 771 461 0 0
3398 200 398 773 459 0 0
3404 200 398 775 457 0 0
3440 200 398 777 455 0 0
3452 200 398 779 453 0 0
3461 200 398 781 451 0 0
3509 200 398 783 449 0 0
3516 200 398 785 447 0 0
3575 200 398 787 445 0 0
3583 200 398 789 443 0 0
3592 200 398 791 441 0 0
3643 200 392 793 439 0 0
3653 200 386 795 437 0 0
3663 200 380 797 435 0 0
3716 200 374 799 433 0 0
3724 200 368 801 431 0 0
3764 200 362 803 429 0 0
3775 200 356 805 427 0 0
3782 200 350 807 425 0 0
3821 200 344 809 423 0 0
3828 200 338 811 421 0 0
3896 200 338 813 419 0 0
3905 200 338 815 417 0 0
3950 200 338 817 415 0 0
3962 200 338 819 413 0 0
3967 200 338 821 411 0 0
4010 200 338 823 409 0 0
4018 200 338 825 407 0 0
4053 200 338 827 405 0 0
4061 200 338 829 403 0 0
4069 200 338 831 401 0 0
4097 200 332 833 399 0 0
4138 200 326 835 397 0 0
4148 200 320 837 395 0 0
4190 200 314 839 393 0 0
4197 200 308 841 391 0 0
4258 200 308 843 389 0 0
4267 200 308 845 387 0 0
4322 200 308 847 385 0 0
4335 200 308 849 383 0 0
4385 200 308 851 381 0 0
4392 200 308 853 379 0 0
4448 200 308 855 377 0 0
4458 200 308 857 375 0 0
4505 200 308 859 373 0 0
4522 200 308 861 371 0 0
4531 200 308 863 369 0 0
4585 200 302 865 367 0 0
4594 200 296 867 365 0 0
4634 200 290 869 363 0 0
4644 200 284 871 361 0 0
4650 200 278 873 359 0 0
4704 200 272 875 357 0 0
4714 200 266 877 355 0 0
4720 200 260 879 353 0 0
4767 200 254 881 351 0 0
4781 200 248 883 349 0 0
4786 200 248 885 347 0 0
4843 200 248 887 345 0 0
4852 200 248 889 343 0 0
4907 200 248 891 341 0 0
4916 200 248 893 339 0 0
4923 200 248 895 337 0 0
4960 200 248 897 335 0 0
4971 200 248 899 333 0 0
4979 200 248 901 331 0 0
5014 200 248 903 329 0 0
5022 200 248 905 327 0 0
5084 200 242 907 325 0 0
5094 200 236 909 323 0 0
5102 200 230 911 321 0 0
5148 200 224 913 319 0 0
5157 200 218 915 317 0 0
5165 200 212 917 315 0 0
5201 200 206 919 313 0 0
5210 200 200 921 311 0 0
5217 200 194 923 309 0 0
5265 200 194 925 307 0 0
5275 200 194 927 305 0 0
5284 200 194 929 303 0 0
5320 200 194 931 301 0 0
5333 200 194 933 299 0 0
5347 200 194 935 297 0 0
5402 200 194 937 295 0 0
5415 200 194 939 293 0 0
5420 200 194 941 291 0 0
5454 200 194 943 289 0 0
5464 200 194 945 287 0 0
5472 200 194 947 285 0 0
5507 200 194 949 283 0 0
5519 200 194 951 281 0 0
5527 200 194 953 279 0 0
5568 200 194 955 277 0 0
5581 200 194 957 275 0 0
5593 200 194 959 273 0 0
5644 200 194 961 271 0 0
5652 200 194 963 269 0 0
5662 200 194 965 267 0 0
5705 200 194 967 265 0 0
5712 200 194 969 263 0 0
5756 200 194 971 261 0 0
5763 200 194 973 259 0 0
5795 200 194 975 257 0 0
5801 200 194 977 255 0 0
5856 200 194 979 253 0 0
5864 200 194 981 251 0 0
5873 200 194 983 249 0 0
5922 200 194 985 247 0 0
5931 200 194 987 245 0 0
5938 200 194 989 243 0 0
5989 200 194 991 241 0 0
5998 200 194 987 239 0 0
6018 200 194 985 237 0 0
6033 200 194 983 235 0 0
6046 200 194 981 233 0 0
6054 200 194 979 231 0 0
6086 200 194 977 229 0 0
6096 200 194 975 227 0 0
6103 200 194 973 225 0 0
6134 200 194 971 223 0 0
6143 200 194 969 221 0 0
6151 200 194 967 219 0 0
6205 200 194 965 217 0 0
6213 200 194 963 215 0 0
6220 200 194 961 213 0 0
6276 200 194 959 211 0 0
6287 200 194 957 209 0 0
6308 200 194 955 207 0 0
6359 200 194 953 205 0 0
6367 200 194 951 203 0 0
6418 200 194 949 201 0 0
6424 200 194 947 199 0 0
6483 200 194 945 197 0 0
6491 200 194 943 195 0 0
6535 200 194 941 193 0 0
6547 200 194 939 191 0 0
6559 200 194 937 189 0 0
6616 200 194 935 187 0 0
6625 200 194 933 185 0 0
6631 200 194 931 183 0 0
6685 200 194 929 181 0 0
6695 200 194 927 179 0 0
6704 200 194 925 177 0 0
6753 200 194 923 175 0 0
6764 200 194 921 173 0 0
6769 200 194 919 171 0 0
6805 200 194 917 169 0 0
6816 200 194 915 167 0 0
6824 200 194 913 165 0 0
6864 200 194 911 163 0 0
6883 200 194 909 161 0 0
6890 200 194 907 159 0 0
6933 200 194 905 157 0 0
6940 200 194 903 155 0 0
6980 200 194 901 153 0 0
6992 200 194 899 151 0 0
7003 200 194 897 149 0 0
7062 200 194 895 147 0 0
7071 200 194 893 145 0 0
7108 200 194 891 143 0 0
7118 200 194 889 141 0 0
7125 200 194 887 139 0 0
7178 200 188 885 137 0 0
7191 200 182 883 135 0 0
7199 200 176 881 133 0 0
7268 200 170 879 131 0 0
7281 200 164 877 129 0 0
7318 200 158 875 127 0 0
7326 200 152 873 125 0 0
7336 200 146 871 123 0 0
7388 200 140 869 121 0 0
7398 200 134 867 119 0 0
7410 200 128 865 117 0 0
7447 200 122 863 115 0 0
7459 200 116 861 113 0 0
7466 200 110 859 111 0 0
7525 200 104 857 109 0 0
7534 200 98 855 107 0 0
7593 200 92 853 105 0 0
7604 200 86 851 103 0 0
7610 200 80 849 101 0 0
7666 200 74 847 99 0 0
7674 200 68 845 97 0 0
7716 200 62 843 95 0 0
7726 200 56 841 93 0 0
7738 200 50 839 91 0 0
7792 200 44 837 89 0 0
7802 200 38 835 87 0 0
7810 200 32 833 85 0 0
7866 200 26 831 83 0 0
7875 200 20 829 81 0 0
7928 200 14 827 79 0 0
7935 200 8 825 77 0 0
7943 200 2 823 75 0 0
7998 200 0 821 73 0 0
8009 200 0 819 71 0 0
8032 200 0 817 69 0 0
8044 200 0 815 67 0 0
8048 200 0 813 65 0 0
8103 200 0 811 63 0 0
8112 200 0 809 61 0 0
8122 200 0 807 59 0 0
8185 194 0 805 57 0 0
8195 188 0 803 55 0 0
8203 182 0 801 53 0 0
8256 176 0 799 51 0 0
8265 170 0 797 49 0 0
8274 164 0 795 47 0 0
8296 158 0 793 45 0 0
8322 152 0 791 43 0 0
8334 146 0 789 41 0 0
8386 140 0 787 39 0 0
8395 134 0 785 37 0 0
8452 128 0 783 35 0 0
8464 122 0 781 33 0 0
8473 116 0 779 31 0 0
8524 110 0 777 29 0 0
8531 104 0 775 27 0 0
8551 98 0 773 25 0 0
8591 92 0 771 23 0 0
8604 86 0 769 21 0 0
8611 80 0 767 19 0 0
8670 74 0 765 17 0 0
8677 68 0 763 15 0 0
8737 62 0 761 13 0 0
8745 56 0 759 11 0 0
8793 50 0 757 9 0 0
8800 44 0 755 7 0 0
8855 38 0 753 5 0 0
8863 32 0 751 3 0 0
8871 26 0 749 1 0 0
8914 20 0 747 0 0 0
8924 14 0 745 2 0 0
8982 8 0 743 4 0 0
8994 2 0 741 6 0 0
9004 0 6 739 8 0 0
9033 0 12 737 10 0 0
9038 0 18 735 12 0 0
9093 0 24 733 14 0 0
9102 0 30 731 16 0 0
9110 0 36 729 18 0 0
9164 0 42 727 20 0 0
9172 0 48 725 22 0 0
9213 0 54 723 24 0 0
9224 0 60 721 26 0 0
9231 0 66 719 28 0 0
9269 0 72 717 30 0 0
9277 0 78 715 32 0 0
9289 0 84 713 34 0 0
9333 0 90 711 36 0 0
9345 6 96 709 38 0 0
9354 12 102 707 40 0 0
9401 18 102 705 42 0 0
9410 24 102 703 44 0 0
9423 30 102 701 46 0 0
9435 36 102 699 48 0 0
9463 42 102 697 50 0 0
9471 48 102 695 52 0 0
9523 54 102 693 54 0 0
9533 60 102 691 56 0 0
9552 66 102 689 58 0 0
9596 72 102 687 60 0 0
9607 78 102 685 62 0 0
9614 84 102 683 64 0 0
9671 90 102 681 66 0 0
9678 96 102 679 68 0 0
9727 102 102 677 70 0 0
9736 108 102 675 72 0 0
9792 114 102 673 74 0 0
9801 120 102 671 76 0 0
9810 126 102 669 78 0 0
9848 132 102 667 80 0 0
9859 138 102 665 82 0 0
9880 144 102 663 84 0 0
9920 150 102 661 86 0 0
9940 156 102 659 88 0 0
9948 162 102 657 90 0 0
9980 168 102 655 92 0 0
9990 174 102 653 94 0 0
10045 180 102 651 96 0 0
10058 186 102 649 98 0 0
10065 192 102 647 100 0 0
10128 198 102 645 102 0 0
10134 204 102 643 104 0 0
10164 210 102 641 106 0 0
10171 216 102 639 108 0 0
10180 222 102 637 110 0 0
10188 228 102 635 112 0 0
10238 234 102 633 114 0 0
10246 240 102 631 116 0 0
10252 246 102 629 118 0 0
10292 252 102 627 120 0 0
10300 258 102 625 122 0 0
10305 264 102 623 124 0 0
10343 264 102 621 126 0 0
10352 264 102 619 128 0 0
10408 264 102 617 130 0 0
10416 264 102 615 132 0 0
10424 264 102 613 134 0 0
10461 264 102 611 136 0 0
10472 264 102 609 138 0 0
10479 264 102 607 140 0 0
10536 264 102 605 142 0 0
10544 264 102 603 144 0 0
10595 264 102 601 146 0 0
10603 264 102 599 148 0 0
10642 264 102 597 150 0 0
10650 264 102 595 152 0 0
10665 264 102 593 154 0 0
10675 264 102 591 156 0 0
10684 264 102 589 158 0 0
10708 264 102 587 160 0 0
10716 264 102 585 162 0 0
10737 264 102 583 164 0 0
10744 264 102 581 166 0 0
10800 264 102 579 168 0 0
10805 264 102 577 170 0 0
10856 264 102 575 172 0 0
10865 264 102 573 174 0 0
10907 264 102 571 176 0 0
10914 264 102 569 178 0 0
10957 264 102 567 180 0 0
10966 264 102 565 182 0 0
11014 264 102 563 184 0 0
11023 264 102 561 186 0 0
11032 264 102 559 188 0 0
11042 264 102 557 190 0 0
11065 264 102 555 192 0 0
11077 264 102 553 194 0 0
11088 264 102 551 196 0 0
10354 264 102 549 198 0 0
10364 264 102 547 200 0 0
10376 264 102 545 202 0 0
10418 264 102 543 204 0 0
10426 264 102 541 206 0 0
10434 264 102 539 208 0 0
10462 264 102 537 210 0 0
10491 264 102 535 212 0 0
10499 264 102 533 214 0 0
10549 264 102 531 216 0 0
10566 264 102 529 218 0 0
10575 264 102 527 220 0 0
10650 264 102 525 222 0 0
10658 264 102 523 224 0 0
10679 264 102 521 226 0 0
10692 264 102 519 228 0 0
10747 264 102 517 230 0 0
10755 264 102 515 232 0 0
10812 264 102 513 234 0 0
10817 264 102 511 236 0 0
10863 264 102 509 238 0 0
10873 264 102 507 240 0 0
10925 264 102 505 242 0 0
10933 264 102 503 244 0 0
10948 264 102 501 246 0 0
10991 264 102 499 248 0 0
11014 264 102 497 250 0 0
11022 264 102 495 252 0 0
11056 264 102 493 254 0 0
11064 264 102 491 256 0 0
11106 264 102 489 258 0 0
11115 264 102 487 260 0 0
11123 264 102 485 262 0 0
11183 264 102 483 264 0 0
11190 264 102 481 266 0 0
11244 264 102 479 268 0 0
11254 264 102 477 270 0 0
11309 264 102 475 272 0 0
11319 264 102 473 274 0 0
11358 264 102 471 276 0 0
11366 264 102 469 278 0 0
11373 264 102 467 280 0 0
11420 270 102 465 282 0 0
11427 276 102 463 284 0 0
11467 282 102 461 286 0 0
11477 288 102 459 288 0 0
11484 294 102 457 290 0 0
11532 300 102 455 292 0 0
11540 306 102 453 294 0 0
11603 312 102 451 296 0 0
11619 318 102 449 298 0 0
11670 324 102 447 300 0 0
11685 330 102 445 302 0 0
11694 336 102 443 304 0 0
11752 342 102 441 306 0 0
11763 348 102 439 308 0 0
11815 354 102 437 310 0 0
11822 360 102 435 312 0 0
11867 366 102 433 314 0 0
11875 372 102 431 316 0 0
11884 378 102 429 318 0 0
11909 384 102 427 320 0 0
11945 390 102 425 322 0 0
11954 396 102 423 324 0 0
12012 400 102 421 326 0 0
12022 400 102 419 328 0 0
12028 400 102 417 330 0 0
12082 400 102 415 332 0 0
12090 400 102 413 334 0 0
12099 400 102 411 336 0 0
12136 400 102 409 338 0 0
12147 400 102 407 340 0 0
12158 400 102 405 342 0 0
12205 400 102 403 344 0 0
12211 400 102 401 346 0 0
12281 400 102 399 348 0 0
12291 400 102 397 350 0 0
12298 400 102 395 352 0 0
12355 400 102 393 354 0 0
12364 400 102 391 356 0 0
12376 400 102 389 358 0 0
12422 400 102 387 360 0 0
12432 400 102 385 362 0 0
12458 400 102 383 364 0 0
12467 400 102 381 366 0 0
12474 400 102 379 368 0 0
12537 400 102 377 370 0 0
12543 400 102 375 372 0 0
12551 400 102 373 374 0 0
12559 400 102 371 376 0 0
12612 400 102 369 378 0 0
12620 400 102 367 380 0 0
12642 400 102 365 382 0 0
12645 400 102 363 384 0 0
12699 400 102 361 386 0 0
12706 400 102 359 388 0 0
12759 400 102 357 390 0 0
12768 400 102 355 392 0 0
12827 400 102 353 394 0 0
12834 400 102 351 396 0 0
12842 400 102 349 398 0 0
12872 400 102 347 400 0 0
12903 400 102 345 402 0 0
12911 400 102 343 404 0 0
12942 400 102 341 406 0 0
12974 400 102 339 408 0 0
12983 400 102 337 410 0 0
13046 400 102 335 412 0 0
13058 400 102 333 414 0 0
13066 400 102 331 416 0 0
13106 400 102 329 418 0 0
13115 400 102 327 420 0 0
13125 400 102 325 422 0 0
13164 400 102 323 424 0 0
13171 400 102 321 426 0 0
13230 400 102 319 428 0 0
13238 400 102 317 430 0 0
13305 400 102 315 432 0 0
13314 400 102 313 434 0 0
13367 400 102 311 436 0 0
13378 400 102 309 438 0 0
13408 400 102 307 440 0 0
13435 400 102 305 442 0 0
13442 400 102 303 444 0 0
13458 400 102 301 446 0 0
13467 400 102 299 448 0 0
13509 400 102 297 450 0 0
13516 400 102 295 452 0 0
13532 400 102 293 454 0 0
13541 400 102 291 456 0 0
13582 400 102 289 458 0 0
13587 400 102 287 460 0 0
13626 400 102 285 462 0 0
13634 400 102 283 464 0 0
13689 400 102 281 466 0 0
13698 400 102 279 468 0 0
13711 400 102 277 470 0 0
13781 400 102 275 472 0 0
13788 400 102 273 474 0 0
13834 400 102 271 476 0 0
13843 400 102 269 478 0 0
13857 400 102 267 480 0 0
13867 400 102 265 482 0 0
13874 400 102 263 484 0 0
13930 400 102 261 486 0 0
13936 400 102 259 488 0 0
13957 400 102 257 490 0 0
13963 400 102 255 488 0 0
14015 400 102 253 486 0 0
14028 400 102 251 484 0 0
14036 400 102 249 482 0 0
14096 400 102 247 480 0 0
14106 400 102 245 478 0 0
14148 400 102 243 476 0 0
14158 400 102 241 474 0 0
14209 394 102 239 472 0 0
14214 388 102 237 470 0 0
14267 382 102 235 468 0 0
14276 376 102 233 466 0 0
14286 370 102 231 464 0 0
14296 364 102 229 462 0 0
14306 358 102 227 460 0 0
14360 352 102 225 458 0 0
14368 346 102 223 456 0 0
14384 340 102 221 454 0 0
14393 334 102 219 452 0 0
14407 334 102 217 450 0 0
14433 334 102 215 448 0 0
14438 334 102 213 446 0 0
14490 334 102 211 444 0 0
14499 334 102 209 442 0 0
14506 334 102 207 440 0 0
14565 334 102 205 438 0 0
14572 334 102 203 436 0 0
14623 334 102 201 434 0 0
14630 334 102 199 432 0 0
14684 328 102 197 430 0 0
14703 322 102 195 428 0 0
14710 316 102 193 426 0 0
14776 310 102 191 424 0 0
14786 304 102 189 422 0 0
14843 298 102 187 420 0 0
14856 298 102 185 418 0 0
14861 298 102 183 416 0 0
14913 298 102 181 414 0 0
14922 298 102 179 412 0 0
14933 298 102 177 410 0 0
14984 298 102 175 408 0 0
14994 298 102 173 406 0 0
15004 298 102 171 404 0 0
15066 298 102 169 402 0 0
15075 298 102 167 400 0 0
15129 298 102 165 398 0 0
15136 298 102 163 396 0 0
15193 298 102 161 394 0 0
15202 298 102 159 392 0 0
15259 298 102 157 390 0 0
15270 298 102 155 388 0 0
15282 298 102 153 386 0 0
15295 298 102 151 384 0 0
15304 298 102 149 382 0 0
15338 298 102 147 380 0 0
15371 298 102 145 378 0 0
15387 298 102 143 376 0 0
15395 298 102 141 374 0 0
15458 298 102 139 372 0 0
15465 298 102 137 370 0 0
15520 298 102 135 368 0 0
15530 298 102 133 366 0 0
15538 298 102 131 364 0 0
15595 298 102 129 362 0 0
15603 298 102 127 360 0 0
15653 298 102 125 358 0 0
15662 298 102 123 356 0 0
15722 298 102 121 354 0 0
15730 298 102 119 352 0 0
15737 298 102 117 350 0 0
15771 298 102 115 348 0 0
15781 298 102 113 346 0 0
15852 298 102 111 344 0 0
15860 298 102 109 342 0 0
15869 298 102 107 340 0 0
15949 292 102 105 338 0 0
15957 286 102 103 336 0 0
16004 280 102 101 334 0 0
16012 274 102 99 332 0 0
16064 268 102 97 330 0 0
16072 262 102 95 328 0 0
16083 256 102 93 326 0 0
16134 250 102 91 324 0 0
16144 244 102 89 322 0 0
16156 238 102 87 320 0 0
16209 238 102 85 318 0 0
16222 238 102 83 316 0 0
16230 238 102 81 314 0 0
16259 238 102 79 312 0 0
16277 238 102 77 310 0 0
16284 238 102 75 308 0 0
16339 238 102 73 306 0 0
16347 238 102 71 304 0 0
16357 238 102 69 302 0 0
16402 238 102 67 300 0 0
16410 238 102 65 298 0 0
16448 232 102 63 296 0 0
16453 226 102 61 294 0 0
16500 220 102 59 292 0 0
16506 214 102 57 290 0 0
16531 208 102 55 288 0 0
16548 202 102 53 286 0 0
16554 196 102 51 284 0 0
16565 190 102 49 282 0 0
16623 190 102 47 280 0 0
16632 190 102 45 278 0 0
16639 190 102 43 276 0 0
16688 190 102 41 274 0 0
16696 190 102 39 272 0 0
16721 190 102 37 270 0 0
16736 190 102 35 268 0 0
16745 190 102 33 266 0 0
16776 190 102 31 264 0 0
16790 190 102 29 262 0 0
16797 190 102 27 260 0 0
16846 190 102 25 258 0 0
16855 190 102 23 256 0 0
16861 190 102 21 254 0 0
16924 190 102 19 252 0 0
16932 190 102 17 250 0 0
16944 190 102 15 248 0 0
16974 190 102 13 246 0 0
16985 190 102 11 244 0 0
17009 190 102 9 242 0 0
17051 190 102 7 240 0 0
17060 190 102 5 238 0 0
17067 190 102 3 236 0 0
17115 190 102 1 234 0 0
17126 190 102 0 232 0 0
17157 190 102 4 230 0 0
17165 190 102 7 228 0 0
17182 190 102 10 226 0 0
17192 190 102 13 224 0 0
17200 190 102 16 222 0 0
17231 190 102 19 220 0 0
17237 190 102 22 218 0 0
17248 190 102 25 216 0 0
17300 190 102 28 214 0 0
17315 190 102 31 212 0 0
17321 190 102 34 210 0 0
17375 190 102 37 208 0 0
17386 190 102 40 206 0 0
17433 190 102 43 204 0 0
17443 190 102 46 202 0 0
17464 190 102 49 200 0 0
17499 190 102 52 198 0 0
17507 190 102 55 196 0 0
17550 190 102 58 194 0 0
17560 190 102 61 192 0 0
17586 190 102 64 190 0 0
17594 190 102 67 188 0 0
17606 190 102 70 186 0 0
17669 190 102 73 184 0 0
17679 190 102 76 182 0 0
17737 190 102 79 180 0 0
17746 190 102 82 178 0 0
17758 190 102 85 176 0 0
17773 190 102 88 174 0 0
17819 190 102 91 172 0 0
17829 190 102 94 170 0 0
17836 190 102 97 168 0 0
17892 190 102 100 166 0 0
17901 190 102 103 164 0 0
17954 190 102 106 162 0 0
17966 190 102 109 160 0 0
17971 190 102 112 158 0 0
18029 190 102 115 156 0 0
18039 190 102 118 154 0 0
18099 190 102 121 152 0 0
18107 190 102 124 150 0 0
18161 190 102 127 148 0 0
18171 190 102 130 146 0 0
18230 190 102 133 144 0 0
18238 190 102 136 142 0 0
18246 190 102 139 140 0 0
18299 190 102 142 138 0 0
18307 190 102 145 136 0 0
18314 190 102 148 134 0 0
18361 190 102 151 132 0 0
18370 190 102 154 130 0 0
18381 190 102 157 128 0 0
18420 190 102 160 126 0 0
18430 190 102 163 124 0 0
18438 190 102 166 122 0 0
18494 190 102 169 120 0 0
18508 190 102 172 118 0 0
18518 190 102 175 116 0 0
18552 190 102 178 114 0 0
18567 190 102 181 112 0 0
18575 190 102 184 110 0 0
18630 190 102 187 108 0 0
18635 190 102 190 106 0 0
18665 190 102 193 104 0 0
18675 190 102 196 102 0 0
18740 190 102 199 100 0 0
18750 190 102 202 98 0 0
18797 190 102 205 96 0 0
18811 190 102 208 94 0 0
18822 190 102 211 92 0 0
18888 190 102 214 90 0 0
18896 190 102 217 88 0 0
18949 190 102 220 86 0 0
18957 190 102 223 84 0 0
19020 190 102 226 82 0 0
19028 190 102 229 80 0 0
19076 196 102 232 78 0 0
19085 202 102 235 76 0 0
19096 208 102 238 74 0 0
19104 214 102 241 72 0 0
19132 220 102 244 70 0 0
19146 226 102 247 68 0 0
19153 232 102 250 66 0 0
19214 238 102 253 64 0 0
19225 244 102 256 62 0 0
19236 250 102 259 60 0 0
19299 256 102 262 58 0 0
19313 262 102 265 56 0 0
19321 268 102 268 54 0 0
19370 274 102 271 52 0 0
19379 280 102 274 50 0 0
19430 286 102 277 48 0 0
19439 292 102 280 46 0 0
19449 298 102 283 44 0 0
19488 304 102 286 42 0 0
19502 310 102 289 40 0 0
19508 316 102 292 38 0 0
19573 322 102 295 36 0 0
19581 328 102 298 34 0 0
19620 334 108 301 32 0 0
19631 340 114 304 30 0 0
19640 346 120 307 28 0 0
19692 346 126 310 26 0 0
19699 346 132 313 24 0 0
19742 346 138 316 22 0 0
19756 346 144 319 20 0 0
19765 346 150 322 18 0 0
19793 346 156 325 16 0 0
19803 346 162 328 14 0 0
19819 346 168 331 12 0 0
19861 346 174 334 10 0 0
19869 346 180 337 8 0 0
19890 346 186 340 6 0 0
19953 346 192 343 4 0 0
19962 346 198 346 2 0 0
19999 340 204 349 0 0 0
20007 334 210 352 2 0 0
20065 328 216 355 4 0 0
20075 322 222 358 6 0 0
20085 316 228 361 8 0 0
20143 310 234 364 10 0 0
20151 304 240 367 12 0 0
20160 298 246 370 14 0 0
20216 292 246 373 16 0 0
20225 286 246 376 18 0 0
20269 280 246 379 20 0 0
20279 274 246 382 22 0 0
20329 268 246 385 24 0 0
20335 262 246 388 26 0 0
20349 256 246 391 28 0 0
20358 250 246 394 30 0 0
20408 244 246 397 32 0 0
20417 238 246 400 34 0 0
20469 232 246 403 36 0 0
20479 226 246 406 38 0 0
20487 220 246 409 40 0 0
20539 214 240 412 42 0 0
20548 208 234 415 44 0 0
20606 202 228 418 46 0 0
20615 196 222 421 48 0 0
20675 190 216 424 50 0 0
20684 184 210 427 52 0 0
20693 178 204 430 54 0 0
20747 172 198 433 56 0 0
20756 166 192 436 58 0 0
20767 160 186 439 60 0 0
20823 154 180 442 62 0 0
20833 148 174 445 64 0 0
20847 142 168 448 66 0 0
20908 142 162 451 68 0 0
20931 142 156 454 70 0 0
20940 142 150 457 72 0 0
20978 142 144 460 74 0 0
20989 142 138 463 76 0 0
21036 142 132 466 78 0 0
21046 142 126 469 80 0 0
21068 142 120 472 82 0 0
21077 142 114 475 84 0 0
21089 142 108 478 86 0 0
21103 142 102 481 88 0 0
21148 142 96 484 90 0 0
21164 142 90 487 92 0 0
21171 142 84 490 94 0 0
21220 142 84 493 96 0 0
21230 142 84 496 98 0 0
21283 148 84 499 100 0 0
21294 154 84 502 102 0 0
21302 160 84 505 104 0 0
21345 166 84 508 106 0 0
21353 172 84 511 108 0 0
21414 178 84 514 110 0 0
21425 184 84 517 112 0 0
21488 190 84 520 114 0 0
21494 196 84 523 116 0 0
21550 202 84 526 118 0 0
21558 208 84 529 120 0 0
21606 214 84 532 122 0 0
21612 220 84 535 124 0 0
21626 226 84 538 126 0 0
21632 232 84 541 128 0 0
21686 238 84 544 130 0 0
21697 244 84 547 132 0 0
21707 250 84 550 134 0 0
21758 256 90 553 136 0 0
21767 262 96 556 138 0 0
21820 268 102 559 140 0 0
21834 274 108 562 142 0 0
21843 280 114 565 144 0 0
21901 286 120 568 146 0 0
21914 292 126 571 148 0 0
21972 298 132 574 150 0 0
21987 304 138 577 152 0 0
22029 310 144 580 154 0 0
22049 316 150 583 156 0 0
22060 322 156 586 158 0 0
22140 328 162 589 160 0 0
22150 334 168 592 162 0 0
22177 340 174 595 164 0 0
22190 346 180 598 166 0 0
22250 352 186 601 168 0 0
22263 358 192 604 170 0 0
22301 364 198 607 172 0 0
22342 370 204 610 174 0 0
22361 376 210 613 176 0 0
22418 382 216 616 178 0 0
22432 388 222 619 180 0 0
22481 394 228 622 182 0 0
22493 400 234 625 184 0 0
22499 400 240 628 186 0 0
22529 400 246 631 188 0 0
22539 400 252 634 190 0 0
22572 400 258 637 192 0 0
22605 400 264 640 194 0 0
22616 400 270 643 196 0 0
22634 400 276 646 198 0 0
22683 400 282 649 200 0 0
22691 400 288 652 202 0 0
22752 400 294 655 204 0 0
22761 400 300 658 206 0 0
22772 400 306 661 208 0 0
22826 400 312 664 210 0 0
22835 400 318 667 212 0 0
22840 400 324 670 214 0 0
22903 400 330 673 216 0 0
22910 400 336 676 218 0 0
22966 400 342 679 220 0 0
22977 400 348 682 222 0 0
22982 400 354 685 224 0 0
23039 400 360 688 226 0 0
23046 400 366 691 228 0 0
23102 400 372 694 230 0 0
23113 400 378 697 232 0 0
23121 400 384 700 234 0 0
23168 400 390 703 236 0 0
23175 400 396 706 238 0 0
23235 400 400 709 240 0 0
23242 400 400 712 242 0 0
23294 400 400 715 244 0 0
23302 400 400 718 246 0 0
23311 400 400 721 248 0 0
23347 400 400 724 250 0 0
23356 400 400 727 252 0 0
23400 400 400 730 254 0 0
23408 400 400 733 256 0 0
23422 400 400 736 258 0 0
23434 400 400 739 260 0 0
23501 400 400 742 262 0 0
23508 400 400 745 264 0 0
23557 400 400 748 266 0 0
23563 400 400 751 268 0 0
23613 400 400 754 270 0 0
23622 400 400 757 272 0 0
23629 400 400 760 274 0 0
23685 400 400 763 276 0 0
23694 400 400 766 278 0 0
23717 400 400 769 280 0 0
23749 400 400 772 282 0 0
23761 400 400 775 284 0 0
23819 400 400 778 286 0 0
23826 400 400 781 288 0 0
23836 400 400 784 290 0 0
23893 400 394 787 292 0 0
23904 400 388 790 294 0 0
23919 400 382 793 296 0 0
23956 400 376 796 298 0 0
23966 400 370 799 300 0 0
24036 400 364 802 302 0 0
24047 400 358 805 304 0 0
24052 400 352 808 306 0 0
24103 400 346 811 308 0 0
24110 400 340 814 310 0 0
24151 400 334 817 312 0 0
24157 400 328 820 314 0 0
24175 400 322 823 316 0 0
24181 400 316 826 318 0 0
24231 400 310 829 320 0 0
24239 400 304 832 322 0 0
24284 400 298 835 324 0 0
24291 400 292 838 326 0 0
24344 400 292 841 328 0 0
24349 400 292 844 330 0 0
24401 400 292 847 332 0 0
24409 400 292 850 334 0 0
24416 400 292 853 336 0 0
24476 400 292 856 338 0 0
24484 400 292 859 340 0 0
24537 400 292 862 342 0 0
24546 400 292 865 344 0 0
24553 400 292 868 346 0 0
24586 400 292 871 348 0 0
24594 400 292 874 350 0 0
24646 400 292 877 352 0 0
24655 400 292 880 354 0 0
24664 400 292 883 356 0 0
24729 400 298 886 358 0 0
24739 400 304 889 360 0 0
24792 400 310 892 362 0 0
24803 400 316 895 364 0 0
24817 400 322 898 366 0 0
24861 400 328 901 368 0 0
24873 400 334 904 370 0 0
24882 400 340 907 372 0 0
24934 400 340 910 374 0 0
24949 400 340 913 376 0 0
24965 400 340 916 378 0 0
25003 400 340 919 380 0 0
25013 400 340 922 382 0 0
25067 400 340 925 384 0 0
25076 400 340 928 386 0 0
25084 400 340 931 388 0 0
25143 400 340 934 390 0 0
25152 400 340 937 392 0 0
25201 400 340 940 394 0 0
25219 400 340 943 396 0 0
25236 400 340 946 398 0 0
25249 400 340 949 400 0 0
25304 400 340 952 402 0 0
25313 400 340 955 404 0 0
25375 400 340 958 406 0 0
25384 400 340 961 408 0 0
25422 400 340 964 410 0 0
25435 400 340 967 412 0 0
25441 400 340 970 414 0 0
25496 400 340 973 416 0 0
25504 400 340 976 418 0 0
25521 400 340 979 420 0 0
25548 400 340 982 422 0 0
25558 400 340 985 424 0 0
25568 400 340 988 426 0 0
25622 400 340 991 428 0 0
25633 400 340 986 430 0 0
25642 400 340 983 432 0 0
25705 400 340 980 434 0 0
25715 400 340 977 436 0 0
25725 400 340 974 438 0 0
25777 400 340 971 440 0 0
25784 400 340 968 442 0 0
25794 400 340 965 444 0 0
25802 400 340 962 446 0 0
25853 400 340 959 448 0 0
25863 400 340 956 450 0 0
25870 400 340 953 452 0 0
25927 400 340 950 454 0 0
25937 400 340 947 456 0 0
25946 400 340 944 458 0 0
25979 400 340 941 460 0 0
25986 400 340 938 462 0 0
26006 400 340 935 464 0 0
26015 400 340 932 466 0 0
26048 400 340 929 468 0 0
26056 400 340 926 470 0 0
26082 400 340 923 472 0 0
26116 400 334 920 474 0 0
26136 400 328 917 476 0 0
26176 400 322 914 478 0 0
26191 400 316 911 480 0 0
26202 400 310 908 482 0 0
26258 400 304 905 484 0 0
26271 400 298 902 486 0 0
26278 400 292 899 488 0 0
26341 400 286 896 490 0 0
26348 400 280 893 488 0 0
26402 400 274 890 486 0 0
26416 400 274 887 484 0 0
26427 400 274 884 482 0 0
26475 400 274 881 480 0 0
26485 400 274 878 478 0 0
26537 400 274 875 476 0 0
26544 400 274 872 474 0 0
26601 400 274 869 472 0 0
26606 400 274 866 470 0 0
26615 400 274 863 468 0 0
26648 400 274 860 466 0 0
26655 400 274 857 464 0 0
26723 400 274 854 462 0 0
26731 400 274 851 460 0 0
26739 400 274 848 458 0 0
26775 400 274 845 456 0 0
26782 400 274 842 454 0 0
26842 400 274 839 452 0 0
26852 400 274 836 450 0 0
26867 400 274 833 448 0 0
26897 400 274 830 446 0 0
26905 400 274 827 444 0 0
26965 400 274 824 442 0 0
26973 400 274 821 440 0 0
27027 400 274 818 438 0 0
27037 400 274 815 436 0 0
27084 400 274 812 434 0 0
27092 400 274 809 432 0 0
27135 400 274 806 430 0 0
27148 400 274 803 428 0 0
27193 400 274 800 426 0 0
27202 400 274 797 424 0 0
27212 400 274 794 422 0 0
27271 400 274 791 420 0 0
27280 400 274 788 418 0 0
27288 400 274 785 416 0 0
27341 400 274 782 414 0 0
27349 400 274 779 412 0 0
27406 394 274 776 410 0 0
27416 388 274 773 408 0 0
27423 382 274 770 406 0 0
27471 376 274 767 404 0 0
27479 370 274 764 402 0 0
27521 364 274 761 400 0 0
27534 358 274 758 398 0 0
27542 352 274 755 396 0 0
27585 346 274 752 394 0 0
27593 340 274 749 392 0 0
27638 334 274 746 390 0 0
27646 328 274 743 388 0 0
27656 322 274 740 386 0 0
27664 316 274 737 384 0 0
27722 310 274 734 382 0 0
27731 304 274 731 380 0 0
27750 298 274 728 378 0 0
27790 292 274 725 376 0 0
27802 286 274 722 374 0 0
27859 280 274 719 372 0 0
27873 274 274 716 370 0 0
27879 268 274 713 368 0 0
27935 262 274 710 366 0 0
27948 256 274 707 364 0 0
27955 250 274 704 362 0 0
28013 244 274 701 360 0 0
28023 238 274 698 358 0 0
28067 232 274 695 356 0 0
28083 226 274 692 354 0 0
28102 220 274 689 352 0 0
28140 214 274 686 350 0 0
28152 208 274 683 348 0 0
28219 202 274 680 346 0 0
28234 196 274 677 344 0 0
28240 190 274 674 342 0 0
28307 184 274 671 340 0 0
28311 178 274 668 338 0 0
28368 172 274 665 336 0 0
28376 166 274 662 334 0 0
28398 160 274 659 332 0 0
28448 154 274 656 330 0 0
28456 148 274 653 328 0 0
28522 142 274 650 326 0 0
28530 136 274 647 324 0 0
28587 130 274 644 322 0 0
28596 124 274 641 320 0 0
28603 118 274 638 318 0 0
28638 112 274 635 316 0 0
28644 106 274 632 314 0 0
28673 100 274 629 312 0 0
28681 94 274 626 310 0 0
28688 88 274 623 308 0 0
28723 82 274 620 306 0 0
28755 76 274 617 304 0 0
28765 70 274 614 302 0 0
28789 64 274 611 300 0 0
28800 58 274 608 298 0 0
28861 52 274 605 296 0 0
28871 46 274 602 294 0 0
28879 40 274 599 292 0 0
28925 34 274 596 290 0 0
28936 28 274 593 288 0 0
28940 22 274 590 286 0 0
29007 16 274 587 284 0 0
29014 10 274 584 282 0 0
29055 4 274 581 280 0 0
29068 0 274 578 278 0 0
29089 0 274 575 276 0 0
29126 0 274 572 274 0 0
29135 0 274 569 272 0 0
29181 0 274 566 270 0 0
29194 0 274 563 268 0 0
29201 0 274 560 266 0 0
29243 0 274 557 264 0 0
29258 0 274 554 262 0 0
29265 0 274 551 260 0 0
29317 0 274 548 258 0 0
29332 0 274 545 256 0 0
29344 0 274 542 254 0 0
29405 0 274 539 252 0 0
29417 0 274 536 250 0 0
29466 0 274 533 248 0 0
29477 0 274 530 246 0 0
29488 0 274 527 244 0 0
29507 0 274 524 242 0 0
29518 0 274 521 240 0 0
29525 0 274 518 238 0 0
29584 0 274 515 236 0 0
29593 0 274 512 234 0 0
29606 0 274 509 232 0 0
29647 0 274 506 230 0 0
29655 0 274 503 228 0 0
29715 0 274 500 226 0 0
29725 0 274 497 224 0 0
29773 0 274 494 222 0 0
29789 0 274 491 220 0 0
29837 0 274 488 218 0 0
29848 0 274 485 216 0 0
29857 0 274 482 214 0 0
29897 0 274 479 212 0 0
29908 0 274 476 210 0 0
29917 0 274 473 208 0 0
29977 0 274 470 206 0 0
29984 0 274 467 204 0 0
30038 0 274 464 202 0 0
30048 0 274 461 200 0 0
30057 0 274 458 198 0 0
30108 0 274 455 196 0 0
30116 0 274 452 194 0 0
30157 0 274 449 192 0 0
30168 0 274 446 190 0 0
30176 0 274 443 188 0 0
30206 0 274 440 186 0 0
30211 0 274 437 184 0 0
30224 0 274 434 182 0 0
30236 0 274 431 180 0 0
30276 0 274 428 178 0 0
30292 0 274 425 176 0 0
30301 0 274 422 174 0 0
30359 0 274 419 172 0 0
30371 0 274 416 170 0 0
30432 0 274 413 168 0 0
30442 0 274 410 166 0 0
30491 0 274 407 164 0 0
30507 0 274 404 162 0 0
30512 0 274 401 160 0 0
30560 0 274 398 158 0 0
30573 0 274 395 156 0 0
30581 0 274 392 154 0 0
30633 0 274 389 152 0 0
30643 0 274 386 150 0 0
30649 0 274 383 148 0 0
30713 0 274 380 146 0 0
30723 0 274 377 144 0 0
30733 0 274 374 142 0 0
30789 0 274 371 140 0 0
30801 0 274 368 138 0 0
30815 0 274 365 136 0 0
30870 0 274 362 134 0 0
30878 0 274 359 132 0 0
30933 0 274 356 130 0 0
30951 0 274 353 128 0 0
30958 0 274 350 126 0 0
31015 0 274 347 124 0 0
31023 0 274 344 122 0 0
31049 0 274 341 120 0 0
31056 0 274 338 118 0 0
31080 0 274 335 116 0 0
31088 0 274 332 114 0 0
31156 0 274 329 112 0 0
31164 0 274 326 110 0 0
31205 0 274 323 108 0 0
31222 6 274 320 106 0 0
31270 12 274 317 104 0 0
31280 18 274 314 102 0 0
31287 24 274 311 100 0 0
31337 30 274 308 98 0 0
31348 36 274 305 96 0 0
31398 42 274 302 94 0 0
31405 48 274 299 92 0 0
31415 54 274 296 90 0 0
31466 54 274 293 88 0 0
31475 54 274 290 86 0 0
31484 54 274 287 84 0 0
31529 54 274 284 82 0 0
31538 54 274 281 80 0 0
31546 54 274 278 78 0 0
31583 54 274 275 76 0 0
31598 54 274 272 74 0 0
31607 54 274 269 72 0 0
31659 54 274 266 70 0 0
31668 54 274 263 68 0 0
31684 54 274 260 66 0 0
31690 54 274 257 64 0 0
31707 54 274 254 62 0 0
31756 54 274 251 60 0 0
31776 54 274 248 58 0 0
31793 54 274 245 56 0 0
31806 54 274 242 54 0 0
31857 54 274 239 52 0 0
31868 54 274 236 50 0 0
31929 54 274 233 48 0 0
31941 54 274 230 46 0 0
31949 54 274 227 44 0 0
32008 54 274 224 42 0 0
32016 54 274 221 40 0 0
32028 54 274 218 38 0 0
32066 54 274 215 36 0 0
32074 54 274 212 34 0 0
32122 54 274 209 32 0 0
32129 54 274 206 30 0 0
32181 54 274 203 28 0 0
32189 54 274 200 26 0 0
32228 54 274 197 24 0 0
32242 54 274 194 22 0 0
32253 54 274 191 20 0 0
32271 54 274 188 18 0 0
32323 54 274 185 16 0 0
32334 54 274 182 14 0 0
32340 54 274 179 12 0 0
32398 54 274 176 10 0 0
32407 54 274 173 8 0 0
32434 54 274 170 6 0 0
32481 54 274 167 4 0 0
32491 54 274 164 2 0 0
32500 54 274 161 0 0 0
32540 54 274 158 2 0 0
32551 54 274 155 4 0 0
32563 54 274 152 6 0 0
32620 54 274 149 8 0 0
32633 54 274 146 10 0 0
32643 54 274 143 12 0 0
32694 54 274 140 14 0 0
32701 54 274 137 16 0 0
32760 54 274 134 18 0 0
32769 54 274 131 20 0 0
32779 54 274 128 22 0 0
32837 54 274 125 24 0 0
32846 54 274 122 26 0 0
32855 54 274 119 28 0 0
32891 54 274 116 30 0 0
32903 54 274 113 32 0 0
32926 54 274 110 34 0 0
32938 54 274 107 36 0 0
32951 54 274 104 38 0 0
32984 54 274 101 40 0 0
32989 54 274 98 42 0 0
33046 54 274 95 44 0 0
33053 54 274 92 46 0 0
33060 54 274 89 48 0 0
33113 54 274 86 50 0 0
33121 54 274 83 52 0 0
33129 54 274 80 54 0 0
33149 54 274 77 56 0 0
33181 54 274 74 58 0 0
33188 54 274 71 60 0 0
33248 54 274 68 62 0 0
33256 54 274 65 64 0 0
33316 54 274 62 66 0 0
33321 54 274 59 68 0 0
33373 54 274 56 70 0 0
33382 54 274 53 72 0 0
33426 54 274 50 74 0 0
33435 54 274 47 76 0 0
33451 54 274 44 78 0 0
33493 54 274 41 80 0 0
33501 54 274 38 82 0 0
33567 54 274 35 84 0 0
33572 54 274 32 86 0 0
33632 54 274 29 88 0 0
33638 54 274 26 90 0 0
33692 54 274 23 92 0 0
33701 54 274 20 94 0 0
33739 54 274 17 96 0 0
33746 54 274 14 98 0 0
33787 54 274 11 100 0 0
33795 54 274 8 102 0 0
33862 54 274 5 104 0 0
33873 54 274 2 106 0 0
33901 54 274 0 108 0 0
33934 54 274 5 110 0 0
33949 54 274 9 112 0 0
33959 54 274 13 114 0 0
34021 54 274 17 116 0 0
34031 54 274 21 118 0 0
34080 54 274 25 120 0 0
34093 54 274 29 122 0 0
34101 54 274 33 124 0 0
34139 54 274 37 126 0 0
34148 54 274 41 128 0 0
34195 54 274 45 130 0 0
34204 54 274 49 132 0 0
34213 54 274 53 134 0 0
34243 54 274 57 136 0 0
34255 54 274 61 138 0 0
34262 54 274 65 140 0 0
34312 54 274 69 142 0 0
34320 54 274 73 144 0 0
34331 54 274 77 146 0 0
34374 54 274 81 148 0 0
34400 54 274 85 150 0 0
34407 54 274 89 152 0 0
34433 54 274 93 154 0 0
34441 54 274 97 156 0 0
34463 54 274 101 158 0 0
34471 54 274 105 160 0 0
34533 54 274 109 162 0 0
34540 54 274 113 164 0 0
34598 54 274 117 166 0 0
34606 54 274 121 168 0 0
34636 54 274 125 170 0 0
34666 54 274 129 172 0 0
34677 54 274 133 174 0 0
34690 54 274 137 176 0 0
34740 54 274 141 178 0 0
34746 54 274 145 180 0 0
34801 54 274 149 182 0 0
34809 54 274 153 184 0 0
34817 54 274 157 186 0 0
34866 54 274 161 188 0 0
34896 54 274 165 190 0 0
34904 54 274 169 192 0 0
34969 54 274 173 194 0 0
34973 54 274 177 196 0 0
34999 54 274 181 198 0 0
35006 54 274 185 200 0 0
35069 54 274 189 202 0 0
35078 54 274 193 204 0 0
35119 54 274 197 206 0 0
35124 54 274 201 208 0 0
35157 54 274 205 210 0 0
35170 54 274 209 212 0 0
35187 54 274 213 214 0 0
35195 54 274 217 216 0 0
35232 54 274 221 218 0 0
35239 54 274 225 220 0 0
35297 54 274 229 222 0 0
35304 54 274 233 224 0 0
35372 54 274 237 226 0 0
35405 54 274 241 228 0 0
35480 54 274 245 230 0 0
35490 54 274 249 232 0 0
35541 54 274 253 234 0 0
35573 54 274 257 236 0 0
35593 60 274 261 238 0 0
35609 66 274 265 240 0 0
35666 72 274 269 242 0 0
35675 78 274 273 244 0 0
35759 84 274 277 246 0 0
35768 90 274 281 248 0 0
35802 96 274 285 250 0 0
35811 102 274 289 252 0 0
35882 108 274 293 254 0 0
35892 114 274 297 256 0 0
35914 120 274 301 258 0 0
35930 126 274 305 260 0 0
35991 132 274 309 262 0 0
35998 138 274 313 264 0 0
36017 144 274 317 266 0 0
36027 150 274 321 268 0 0
36099 156 274 325 270 0 0
36103 162 274 329 272 0 0
36164 168 274 333 274 0 0
36172 174 274 337 276 0 0
36209 180 274 341 278 0 0
36220 186 274 345 280 0 0
36255 192 274 349 282 0 0
36268 198 274 353 284 0 0
36292 204 274 357 286 0 0
36305 210 274 361 288 0 0
36372 216 274 365 290 0 0
36384 222 274 369 292 0 0
36457 228 274 373 294 0 0
36468 234 274 377 296 0 0
36479 240 274 381 298 0 0
36551 246 274 385 300 0 0
36561 252 274 389 302 0 0
36631 258 274 393 304 0 0
36640 264 274 397 306 0 0
36698 270 274 401 308 0 0
36709 276 274 405 310 0 0
36727 282 274 409 312 0 0
36770 288 274 413 314 0 0
36785 294 274 417 316 0 0
36855 300 274 421 318 0 0
36872 306 274 425 320 0 0
36926 312 274 429 322 0 0
36936 318 274 433 324 0 0
36949 324 274 437 326 0 0
37008 330 274 441 328 0 0
37030 336 274 445 330 0 0
37041 342 274 449 332 0 0
37089 348 274 453 334 0 0
37106 354 274 457 336 0 0
37116 360 274 461 338 0 0
37185 366 274 465 340 0 0
37192 372 274 469 342 0 0
37255 378 274 473 344 0 0
37265 384 274 477 346 0 0
37329 390 274 481 348 0 0
37340 396 274 485 350 0 0
37376 400 274 489 352 0 0
37419 400 274 493 354 0 0
37431 400 274 497 356 0 0
37501 400 280 501 358 0 0
37510 400 286 505 360 0 0
37516 400 292 509 362 0 0
37585 400 298 513 364 0 0
37600 400 304 517 366 0 0
37666 400 310 521 368 0 0
37674 400 316 525 370 0 0
37688 400 322 529 372 0 0
37725 400 328 533 374 0 0
37744 400 334 537 376 0 0
37758 400 340 541 378 0 0
37789 400 346 545 380 0 0
37828 400 352 549 382 0 0
37838 400 358 553 384 0 0
37907 400 364 557 386 0 0
37916 400 370 561 388 0 0
37924 400 376 565 390 0 0
37989 400 382 569 392 0 0
37998 400 388 573 394 0 0
38040 400 394 577 396 0 0
38044 400 394 581 398 0 0
38082 400 394 585 400 0 0
38097 400 394 589 402 0 0
38152 400 394 593 404 0 0
38171 400 394 597 406 0 0
38183 400 394 601 408 0 0
38240 400 394 605 410 0 0
38251 400 394 609 412 0 0
38279 400 394 613 414 0 0
38327 400 394 617 416 0 0
38339 400 394 621 418 0 0
38353 400 394 625 420 0 0
38375 400 394 629 422 0 0
38391 400 394 633 424 0 0
38452 400 394 637 426 0 0
38462 400 394 641 428 0 0
38521 400 394 645 430 0 0
38537 400 394 649 432 0 0
38542 400 394 653 434 0 0
38593 400 394 657 436 0 0
38599 400 394 661 438 0 0
38626 400 394 665 440 0 0
38633 400 394 669 442 0 0
38663 400 394 673 444 0 0
38697 400 394 677 446 0 0
38707 400 394 681 448 0 0
38730 400 394 685 450 0 0
38740 400 394 689 452 0 0
38746 400 394 693 454 0 0
38813 400 394 697 456 0 0
38824 400 394 701 458 0 0
38840 400 394 705 460 0 0
38905 400 394 709 462 0 0
38914 400 394 713 464 0 0
38970 400 394 717 466 0 0
38983 400 394 721 468 0 0
38990 400 394 725 470 0 0
39056 400 394 729 472 0 0
39068 400 394 733 474 0 0
39074 400 394 737 476 0 0
39141 400 394 741 478 0 0
39151 400 394 745 480 0 0
39211 400 394 749 482 0 0
39222 400 394 753 484 0 0
39292 400 394 757 486 0 0
39303 400 394 761 488 0 0
39321 400 394 765 490 0 0
39326 400 394 769 488 0 0
39385 400 394 773 486 0 0
39392 400 394 777 484 0 0
39447 400 394 781 482 0 0
39455 400 394 785 480 0 0
39462 400 394 789 478 0 0
39528 400 394 793 476 0 0
39542 400 394 797 474 0 0
39549 400 394 801 472 0 0
39588 400 394 805 470 0 0
39598 400 394 809 468 0 0
39608 400 394 813 466 0 0
39654 400 394 817 464 0 0
39666 400 394 821 462 0 0
39730 400 394 825 460 0 0
39741 400 394 829 458 0 0
39748 400 400 833 456 0 0
39788 400 400 837 454 0 0
39801 400 400 841 452 0 0
39805 400 400 845 450 0 0
39849 400 400 849 448 0 0
39855 400 400 853 446 0 0
39914 400 400 857 444 0 0
39922 400 400 861 442 0 0
39981 400 400 865 440 0 0
39989 400 400 869 438 0 0
40034 400 400 873 436 0 0
40041 400 400 877 434 0 0
40099 400 400 881 432 0 0
40108 400 400 885 430 0 0
40116 400 400 889 428 0 0
40164 400 400 893 426 0 0
40174 400 400 897 424 0 0
40181 400 394 901 422 0 0
40224 400 388 905 420 0 0
40233 400 382 909 418 0 0
40249 400 376 913 416 0 0
40298 400 370 917 414 0 0
40307 400 364 921 412 0 0
40378 400 358 925 410 0 0
40390 400 352 929 408 0 0
40443 400 346 933 406 0 0
40454 400 340 937 404 0 0
40494 400 340 941 402 0 0
40505 400 340 945 400 0 0
40514 400 340 949 398 0 0
40537 400 340 953 396 0 0
40555 400 340 957 394 0 0
40562 400 340 961 392 0 0
40617 400 340 965 390 0 0
40626 400 340 969 388 0 0
40638 400 340 973 386 0 0
40665 400 340 977 384 0 0
40673 400 340 981 382 0 0
40693 400 340 985 380 0 0
40713 400 340 989 378 0 0
40725 400 340 993 376 0 0
40733 400 340 985 374 0 0
40774 400 340 981 372 0 0
40790 400 340 977 370 0 0
40796 400 340 973 368 0 0
40851 400 340 969 366 0 0
40861 400 340 965 364 0 0
40868 400 340 961 362 0 0
40930 400 340 957 360 0 0
40943 400 340 953 358 0 0
40949 400 340 949 356 0 0
41015 400 340 945 354 0 0
41023 400 340 941 352 0 0
41085 400 340 937 350 0 0
41092 400 340 933 348 0 0
41152 400 340 929 346 0 0
41159 400 340 925 344 0 0
41169 400 340 921 342 0 0
41192 400 340 917 340 0 0
41202 400 340 913 338 0 0
41208 400 340 909 336 0 0
41229 400 340 905 334 0 0
41239 400 340 901 332 0 0
41291 400 340 897 330 0 0
41301 400 340 893 328 0 0
41356 400 340 889 326 0 0
41370 400 340 885 324 0 0
41389 400 340 881 322 0 0
41434 394 340 877 320 0 0
41442 388 340 873 318 0 0
41498 382 340 869 316 0 0
41510 376 340 865 314 0 0
41550 370 340 861 312 0 0
41564 364 340 857 310 0 0
41604 358 340 853 308 0 0
41623 352 340 849 306 0 0
41631 346 340 845 304 0 0
41686 340 340 841 302 0 0
41696 334 340 837 300 0 0
41701 328 340 833 298 0 0
41750 322 340 829 296 0 0
41757 316 340 825 294 0 0
41807 310 340 821 292 0 0
41814 304 340 817 290 0 0
41871 298 340 813 288 0 0
41886 292 340 809 286 0 0
41893 286 340 805 284 0 0
41939 280 340 801 282 0 0
41946 274 340 797 280 0 0
42003 268 340 793 278 0 0
42014 262 340 789 276 0 0
42061 256 340 785 274 0 0
42075 250 340 781 272 0 0
42082 244 340 777 270 0 0
42135 238 340 773 268 0 0
42149 232 340 769 266 0 0
42165 226 340 765 264 0 0
42203 220 340 761 262 0 0
42217 214 340 757 260 0 0
42270 208 340 753 258 0 0
42281 202 340 749 256 0 0
42295 196 340 745 254 0 0
42304 190 340 741 252 0 0
42380 184 340 737 250 0 0
42386 178 340 733 248 0 0
42436 172 340 729 246 0 0
42446 166 340 725 244 0 0
42452 160 340 721 242 0 0
42506 154 340 717 240 0 0
42515 148 340 713 238 0 0
42526 142 340 709 236 0 0
41797 136 340 705 234 0 0
41804 130 340 701 232 0 0
41813 124 340 697 230 0 0
41862 118 340 693 228 0 0
41879 112 340 689 226 0 0
41889 106 340 685 224 0 0
41902 100 340 681 222 0 0
41939 94 340 677 220 0 0
41950 88 340 673 218 0 0
41961 82 340 669 216 0 0
42010 76 340 665 214 0 0
42017 70 340 661 212 0 0
42025 64 340 657 210 0 0
42084 58 340 653 208 0 0
42097 52 340 649 206 0 0
42130 46 340 645 204 0 0
42161 40 340 641 202 0 0
42171 34 340 637 200 0 0
42182 28 340 633 198 0 0
42237 22 340 629 196 0 0
42243 16 340 625 194 0 0
42289 10 340 621 192 0 0
42306 4 340 617 190 0 0
42315 0 340 613 188 0 0
42339 0 340 609 186 0 0
42352 0 340 605 184 0 0
42362 0 340 601 182 0 0
42418 0 340 597 180 0 0
42428 0 340 593 178 0 0
42436 0 340 589 176 0 0
42471 0 340 585 174 0 0
42478 0 340 581 172 0 0
42488 0 340 577 170 0 0
42496 0 340 573 168 0 0
42548 0 340 569 166 0 0
42564 0 340 565 164 0 0
42568 0 340 561 162 0 0
42632 0 340 557 160 0 0
42636 0 340 553 158 0 0
42690 0 340 549 156 0 0
42699 0 340 545 154 0 0
42707 0 340 541 152 0 0
42754 0 340 537 150 0 0
42768 0 340 533 148 0 0
42773 0 340 529 146 0 0
42831 0 340 525 144 0 0
42842 0 340 521 142 0 0
42848 0 340 517 140 0 0
42898 0 340 513 138 0 0
42908 0 340 509 136 0 0
42917 0 340 505 134 0 0
42971 0 340 501 132 0 0
42986 0 340 497 130 0 0
43035 0 340 493 128 0 0
43044 0 340 489 126 0 0
43095 0 340 485 124 0 0
43104 0 340 481 122 0 0
43115 0 340 477 120 0 0
43171 6 340 473 118 0 0
43180 12 340 469 116 0 0
43217 18 340 465 114 0 0
43228 24 340 461 112 0 0
43233 30 340 457 110 0 0
43274 30 340 453 108 0 0
43283 30 340 449 106 0 0
43307 30 340 445 104 0 0
43317 30 340 441 102 0 0
43369 30 340 437 100 0 0
43383 30 340 433 98 0 0
43390 30 340 429 96 0 0
43445 30 340 425 94 0 0
43454 30 340 421 92 0 0
43461 30 340 417 90 0 0
43527 30 340 413 88 0 0
43539 30 340 409 86 0 0
43555 30 340 405 84 0 0
43558 30 340 401 82 0 0
43600 30 340 397 80 0 0
43610 30 340 393 78 0 0
43668 30 340 389 76 0 0
43678 30 340 385 74 0 0
43726 30 340 381 72 0 0
43744 30 340 377 70 0 0
43748 30 340 373 68 0 0
43808 30 340 369 66 0 0
43817 30 340 365 64 0 0
43876 30 340 361 62 0 0
43883 30 340 357 60 0 0
43903 30 340 353 58 0 0
43911 30 340 349 56 0 0
43940 30 340 345 54 0 0
43962 30 340 341 52 0 0
43971 30 340 337 50 0 0
43979 30 340 333 48 0 0
44043 24 340 329 46 0 0
44053 18 340 325 44 0 0
44118 12 340 321 42 0 0
44126 6 340 317 40 0 0
44194 0 340 313 38 0 0
44202 0 340 309 36 0 0
44248 0 340 305 34 0 0
44258 0 340 301 32 0 0
44264 0 340 297 30 0 0
44328 0 340 293 28 0 0
44336 0 340 289 26 0 0
44359 0 340 285 24 0 0
44365 0 340 281 22 0 0
44398 0 340 277 20 0 0
44408 0 340 273 18 0 0
44445 0 340 269 16 0 0
44459 0 340 265 14 0 0
44466 0 340 261 12 0 0
44536 0 340 257 10 0 0
44546 0 340 253 8 0 0
44555 0 340 249 6 0 0
44599 0 340 245 4 0 0
44607 0 340 241 2 0 0
44675 0 340 237 0 0 0
44687 0 340 233 2 0 0
44734 0 340 229 4 0 0
44758 0 340 225 6 0 0
44771 0 340 221 8 0 0
44782 0 340 217 10 0 0
44825 0 340 213 12 0 0
44832 0 340 209 14 0 0
44895 0 340 205 16 0 0
44905 0 340 201 18 0 0
44910 0 340 197 20 0 0
44958 0 340 193 22 0 0
44968 0 340 189 24 0 0
44976 0 340 185 26 0 0
45031 0 340 181 28 0 0
45043 0 340 177 30 0 0
45049 0 340 173 32 0 0
45111 0 340 169 34 0 0
45119 0 340 165 36 0 0
45166 0 340 161 38 0 0
45177 0 340 157 40 0 0
45184 0 340 153 42 0 0
45237 0 340 149 44 0 0
45246 0 340 145 46 0 0
45254 0 340 141 48 0 0
45321 0 340 137 50 0 0
45331 0 340 133 52 0 0
45341 0 340 129 54 0 0
45394 0 340 125 56 0 0
45403 6 340 121 58 0 0
45412 12 340 117 60 0 0
45455 18 340 113 62 0 0
45466 24 340 109 64 0 0
45474 30 340 105 66 0 0
45504 36 340 101 68 0 0
45522 42 340 97 70 0 0
45532 42 340 93 72 0 0
45582 42 340 89 74 0 0
45592 42 340 85 76 0 0
45599 42 340 81 78 0 0
45644 42 340 77 80 0 0
45655 42 340 73 82 0 0
45717 42 340 69 84 0 0
45726 42 340 65 86 0 0
45733 42 340 61 88 0 0
45795 42 340 57 90 0 0
45809 42 340 53 92 0 0
45814 42 340 49 94 0 0
45881 42 340 45 96 0 0
45888 42 340 41 98 0 0
45924 42 340 37 100 0 0
45934 42 340 33 102 0 0
45945 42 340 29 104 0 0
45984 42 340 25 106 0 0
45997 42 340 21 108 0 0
46018 42 340 17 110 0 0
46025 42 340 13 112 0 0
46072 42 340 9 114 0 0
46083 42 340 5 116 0 0
46136 42 340 1 118 0 0
46146 42 340 0 120 0 0
46166 42 340 6 122 0 0
46203 42 340 11 124 0 0
46209 42 340 16 126 0 0
46275 42 340 21 128 0 0
46281 42 340 26 130 0 0
46343 48 340 31 132 0 0
46346 54 340 36 134 0 0
46412 60 340 41 136 0 0
46416 66 340 46 138 0 0
46466 72 340 51 140 0 0
46477 78 340 56 142 0 0
46483 84 340 61 144 0 0
46536 90 340 66 146 0 0
46545 96 340 71 148 0 0
46552 102 340 76 150 0 0
46611 108 340 81 152 0 0
46618 114 340 86 154 0 0
46628 120 340 91 156 0 0
46658 126 340 96 158 0 0
46680 132 340 101 160 0 0
46688 138 340 106 162 0 0
46748 144 340 111 164 0 0
46755 150 340 116 166 0 0
46764 156 340 121 168 0 0
46817 162 340 126 170 0 0
46823 168 340 131 172 0 0
46862 174 340 136 174 0 0
46872 180 340 141 176 0 0
46879 186 340 146 178 0 0
46943 192 340 151 180 0 0
46955 198 340 156 182 0 0
46966 204 340 161 184 0 0
46980 210 340 166 186 0 0
47039 216 340 171 188 0 0
47046 222 340 176 190 0 0
47064 228 340 181 192 0 0
47076 234 340 186 194 0 0
47084 240 340 191 196 0 0
47103 246 340 196 198 0 0
47111 252 340 201 200 0 0
47121 258 340 206 202 0 0
47129 264 340 211 204 0 0
47179 270 340 216 206 0 0
47187 276 340 221 208 0 0
47216 282 340 226 210 0 0
47229 288 340 231 212 0 0
47235 294 340 236 214 0 0
47287 300 340 241 216 0 0
47298 306 340 246 218 0 0
47307 312 340 251 220 0 0
47364 318 340 256 222 0 0
47384 324 340 261 224 0 0
47387 330 340 266 226 0 0
47445 336 340 271 228 0 0
47453 342 340 276 230 0 0
47518 342 340 281 232 0 0
47526 342 340 286 234 0 0
47579 342 340 291 236 0 0
47588 342 340 296 238 0 0
47595 342 340 301 240 0 0
47661 342 340 306 242 0 0
47675 342 340 311 244 0 0
47680 342 340 316 246 0 0
47740 342 340 321 248 0 0
47748 342 340 326 250 0 0
47782 342 340 331 252 0 0
47791 342 340 336 254 0 0
47825 342 340 341 256 0 0
47833 342 340 346 258 0 0
47900 348 340 351 260 0 0
47908 354 340 356 262 0 0
47917 360 340 361 264 0 0
47973 360 340 366 266 0 0
47982 360 340 371 268 0 0
47989 360 340 376 270 0 0
48031 360 340 381 272 0 0
48044 360 340 386 274 0 0
48053 360 340 391 276 0 0
48103 360 340 396 278 0 0
48110 360 340 401 280 0 0
48122 360 340 406 282 0 0
48130 360 340 411 284 0 0
48188 360 340 416 286 0 0
48196 360 340 421 288 0 0
48256 360 340 426 290 0 0
48269 360 340 431 292 0 0
48275 360 340 436 294 0 0
48339 360 340 441 296 0 0
48343 360 340 446 298 0 0
48393 360 340 451 300 0 0
48401 360 340 456 302 0 0
48409 360 340 461 304 0 0
48466 360 340 466 306 0 0
48475 360 340 471 308 0 0
48529 360 340 476 310 0 0
48539 360 340 481 312 0 0
48547 360 340 486 314 0 0
48605 360 340 491 316 0 0
48613 360 340 496 318 0 0
48675 360 340 501 320 0 0
48685 360 340 506 322 0 0
48743 360 340 511 324 0 0
48759 360 340 516 326 0 0
48805 360 340 521 328 0 0
48818 366 340 526 330 0 0
48823 372 340 531 332 0 0
48878 378 340 536 334 0 0
48890 384 340 541 336 0 0
48896 390 340 546 338 0 0
48949 396 340 551 340 0 0
48956 396 340 556 342 0 0
48989 396 340 561 344 0 0
48997 396 340 566 346 0 0
49060 396 340 571 348 0 0
49070 396 340 576 350 0 0
49126 396 340 581 352 0 0
49138 396 340 586 354 0 0
49191 396 340 591 356 0 0
49203 396 340 596 358 0 0
49222 396 340 601 360 0 0
49230 396 340 606 362 0 0
49246 396 340 611 364 0 0
49294 396 340 616 366 0 0
49306 396 340 621 368 0 0
49315 396 340 626 370 0 0
49367 396 340 631 372 0 0
49374 396 340 636 374 0 0
49417 396 340 641 376 0 0
49435 400 340 646 378 0 0
49444 400 340 651 380 0 0
49498 400 340 656 382 0 0
49505 400 340 661 384 0 0
49564 400 340 666 386 0 0
49571 400 340 671 388 0 0
49623 400 340 676 390 0 0
49631 400 340 681 392 0 0
49650 400 340 686 394 0 0
49696 400 340 691 396 0 0
49706 400 340 696 398 0 0
49712 400 340 701 400 0 0
49751 400 340 706 402 0 0
49760 400 340 711 404 0 0
49768 400 340 716 406 0 0
49845 400 340 721 408 0 0
49851 400 340 726 410 0 0
49920 400 340 731 412 0 0
49929 400 340 736 414 0 0
49983 400 340 741 416 0 0
49989 400 340 746 418 0 0
50043 400 340 751 420 0 0
50048 400 340 756 422 0 0
50097 400 340 761 424 0 0
50109 400 340 766 426 0 0
50117 400 340 771 428 0 0
50180 394 340 776 430 0 0
50191 388 340 781 432 0 0
50254 388 340 786 434 0 0
50266 388 340 791 436 0 0
50329 388 340 796 438 0 0
50343 388 340 801 440 0 0
50350 388 340 806 442 0 0
50406 388 340 811 444 0 0
50412 388 340 816 446 0 0
50475 388 340 821 448 0 0
50482 388 340 826 450 0 0
50555 388 340 831 452 0 0
50563 388 340 836 454 0 0
50609 388 340 841 456 0 0
50616 388 340 846 458 0 0
50677 388 340 851 460 0 0
50685 388 340 856 462 0 0
50749 388 340 861 464 0 0
50759 388 340 866 466 0 0
50772 388 340 871 468 0 0
50782 388 340 876 470 0 0
50841 388 340 881 472 0 0
50851 388 340 886 474 0 0
50903 388 340 891 476 0 0
50914 388 340 896 478 0 0
50923 388 340 901 480 0 0
50976 388 340 906 482 0 0
50992 388 340 911 484 0 0
51013 388 340 916 486 0 0
51021 388 340 921 488 0 0
51045 388 340 926 490 0 0
51053 394 340 931 488 0 0
51083 400 340 936 486 0 0
51093 400 340 941 484 0 0
51110 400 340 946 482 0 0
51144 400 340 951 480 0 0
51154 400 340 956 478 0 0
51162 400 340 961 476 0 0
51222 400 340 966 474 0 0
51229 400 346 971 472 0 0
51284 400 352 976 470 0 0
51294 400 358 981 468 0 0
51338 400 364 986 466 0 0
51349 400 370 991 464 0 0
51354 400 376 984 464 0 0
51383 400 382 979 464 0 0
51391 400 388 974 464 0 0
51400 400 394 969 464 0 0
51409 400 400 964 464 0 0
51455 400 400 959 464 0 0
51467 400 400 954 464 0 0
51525 400 400 949 464 0 0
51534 400 400 944 464 0 0
51593 400 400 939 464 0 0
51598 400 400 934 464 0 0
51661 400 400 929 464 0 0
51670 400 400 924 464 0 0
51718 400 400 919 464 0 0
51728 400 400 914 464 0 0
51770 400 400 909 464 0 0
51791 400 400 904 464 0 0
51835 400 400 899 464 0 0
51858 400 400 894 464 0 0
51867 400 400 889 464 0 0
51921 400 400 884 464 0 0
51930 400 400 879 464 0 0
51939 400 400 874 464 0 0
51961 400 400 869 464 0 0
51969 400 400 864 464 0 0
51979 400 400 859 464 0 0
52021 400 400 854 464 0 0
52031 400 400 849 464 0 0
52062 400 400 844 464 0 0
52070 400 400 839 464 0 0
52128 400 400 834 464 0 0
52140 400 400 829 464 0 0
52196 400 400 824 464 0 0
52206 400 400 819 464 0 0
52260 400 400 814 464 0 0
52269 400 400 809 464 0 0
52278 400 400 804 464 0 0
52306 400 400 799 464 0 0
52355 400 400 794 464 0 0
52361 400 400 789 464 0 0
52412 400 400 784 464 0 0
52424 400 400 779 464 0 0
52431 400 400 774 464 0 0
52503 400 400 769 464 0 0
52510 400 400 764 464 0 0
52567 400 400 759 464 0 0
52576 400 400 754 464 0 0
52625 400 400 749 464 0 0
52636 400 400 744 464 0 0
52688 400 400 739 464 0 0
52698 400 400 734 464 0 0
52702 400 400 729 464 0 0
52758 400 400 724 464 0 0
52767 400 400 719 464 0 0
52773 400 400 714 464 0 0
52800 400 400 709 464 0 0
52812 400 400 704 464 0 0
52819 400 400 699 464 0 0
52895 400 400 694 464 0 0
52904 400 400 689 464 0 0
52947 400 400 684 464 0 0
52961 400 400 679 464 0 0
52972 400 400 674 464 0 0
53020 400 400 669 464 0 0
53027 400 400 664 464 0 0
53047 400 400 659 464 0 0
53059 400 400 654 464 0 0
53127 400 400 649 464 0 0
53133 400 400 644 464 0 0
53190 400 400 639 464 0 0
53197 400 400 634 464 0 0
53253 400 400 629 464 0 0
53261 400 400 624 464 0 0
53306 400 400 619 464 0 0
53315 400 400 614 464 0 0
53343 400 400 609 464 0 0
53353 400 400 604 464 0 0
53366 400 400 599 464 0 0
53379 400 400 594 464 0 0
53440 400 400 589 464 0 0
53450 400 400 584 464 0 0
53483 400 400 579 464 0 0
53520 400 400 574 464 0 0
53529 400 400 569 464 0 0
53548 400 400 564 464 0 0
53595 400 400 559 464 0 0
53603 400 400 554 464 0 0
53645 400 400 549 464 0 0
53668 400 400 544 464 0 0
53673 400 400 539 464 0 0
53729 400 400 534 464 0 0
53740 400 400 529 464 0 0
53747 400 400 524 464 0 0
53805 400 400 519 464 0 0
53812 400 400 514 464 0 0
53860 400 400 509 464 0 0
53865 400 400 504 464 0 0
53912 400 400 499 464 0 0
53917 400 400 494 464 0 0
53938 400 400 489 464 0 0
53947 400 400 484 464 0 0
54011 400 400 479 464 0 0
54022 400 400 474 464 0 0
54054 400 400 469 464 0 0
54092 400 400 464 464 0 0
54102 400 400 459 464 0 0
54156 400 400 454 464 0 0
54165 400 400 449 464 0 0
54177 400 400 444 464 0 0
54230 400 400 439 464 0 0
54243 400 400 434 464 0 0
54276 400 400 429 464 0 0
54314 400 400 424 464 0 0
54329 400 400 419 464 0 0
54380 400 400 414 464 0 0
54392 400 400 409 464 0 0
54395 400 400 404 464 0 0
54466 400 400 399 464 0 0
54477 400 400 394 464 0 0
54531 400 400 389 464 0 0
54544 400 400 384 464 0 0
54550 400 400 379 464 0 0
54595 400 400 374 464 0 0
54603 400 400 369 464 0 0
54668 400 400 364 464 0 0
54681 400 400 359 464 0 0
54692 400 400 354 464 0 0
54729 400 400 349 464 0 0
54748 400 400 344 464 0 0
54761 400 400 339 464 0 0
54784 400 400 334 464 0 0
54791 400 400 329 464 0 0
54826 400 400 324 464 0 0
54838 400 400 319 464 0 0
54848 400 400 314 464 0 0
54891 400 400 309 464 0 0
54912 400 400 304 464 0 0
54928 400 400 299 464 0 0
54981 400 400 294 464 0 0
54990 400 400 289 464 0 0
55014 400 400 284 464 0 0
55025 400 400 279 464 0 0
55032 400 400 274 464 0 0
55082 400 400 269 464 0 0
55088 400 400 264 464 0 0
55152 400 400 259 464 0 0
55161 400 400 254 464 0 0
55214 400 400 249 464 0 0
55225 400 400 244 464 0 0
55233 400 400 239 464 0 0
55285 400 400 234 464 0 0
55296 400 400 229 464 0 0
55310 400 400 224 464 0 0
55360 400 400 219 464 0 0
55371 400 400 214 464 0 0
55381 400 400 209 464 0 0
55436 400 400 204 464 0 0
55450 400 400 199 464 0 0
55456 400 400 194 464 0 0
55500 400 400 189 464 0 0
55516 400 400 184 464 0 0
55525 400 400 179 464 0 0
55592 400 400 174 464 0 0
55604 400 400 169 464 0 0
55655 400 400 164 464 0 0
55662 400 400 159 464 0 0
55672 400 400 154 464 0 0
55710 400 400 149 464 0 0
55723 400 400 144 464 0 0
55729 400 400 139 464 0 0
55799 400 400 134 464 0 0
55808 400 400 129 464 0 0
55876 400 400 124 464 0 0
55888 400 400 119 464 0 0
55895 400 400 114 464 0 0
55963 400 400 109 464 0 0
55971 400 400 104 464 0 0
56020 400 400 99 464 0 0
56031 400 400 94 464 0 0
56043 400 400 89 464 0 0
56076 400 400 84 464 0 0
56095 400 400 79 464 0 0
56099 400 400 74 464 0 0
56150 400 400 69 464 0 0
56157 400 400 64 464 0 0
56217 400 400 59 464 0 0
56230 400 400 54 464 0 0
56267 400 400 49 464 0 0
56293 400 400 44 464 0 0
56301 400 400 39 464 0 0
56311 400 400 34 464 0 0
56368 400 400 29 464 0 0
56378 400 400 24 464 0 0
56439 394 400 19 464 0 0
56451 388 400 14 464 0 0
56505 382 400 9 464 0 0
56513 376 400 4 464 0 0
56578 370 400 0 464 0 0
56591 364 400 7 462 0 0
56617 358 400 13 460 0 0
56653 352 400 19 458 0 0
56663 346 400 25 456 0 0
56715 340 400 31 454 0 0
56726 334 400 37 452 0 0
56781 328 400 43 450 0 0
56795 322 400 49 448 0 0
56802 316 400 55 446 0 0
56865 310 400 61 444 0 0
56878 304 400 67 442 0 0
56927 298 400 73 440 0 0
56937 292 400 79 438 0 0
56977 286 400 85 436 0 0
57007 280 400 91 434 0 0
57019 274 400 97 432 0 0
57027 268 400 103 430 0 0
57094 262 400 109 428 0 0
57110 256 400 115 426 0 0
57168 250 400 121 424 0 0
57178 244 400 127 422 0 0
57226 238 400 133 420 0 0
57240 232 400 139 418 0 0
57294 232 400 145 416 0 0
57302 232 400 151 414 0 0
57312 232 400 157 412 0 0
57366 232 400 163 410 0 0
57377 232 400 169 408 0 0
57433 232 400 175 406 0 0
57445 232 400 181 404 0 0
57449 232 400 187 402 0 0
57485 232 400 193 400 0 0
57495 232 400 199 398 0 0
57507 232 400 205 396 0 0
57546 232 400 211 394 0 0
57555 232 400 217 392 0 0
57578 232 400 223 390 0 0
57587 232 400 229 388 0 0
57626 232 400 235 386 0 0
57634 232 400 241 384 0 0
57661 232 400 247 382 0 0
57669 232 400 253 380 0 0
57678 232 400 259 378 0 0
57711 232 400 265 376 0 0
57721 232 400 271 374 0 0
57735 232 400 277 372 0 0
57782 232 400 283 370 0 0
57791 232 400 289 368 0 0
57816 232 400 295 366 0 0
57839 232 400 301 364 0 0
57846 232 400 307 362 0 0
57918 232 400 313 360 0 0
57927 232 400 319 358 0 0
57966 232 394 325 356 0 0
57977 232 388 331 354 0 0
57985 232 382 337 352 0 0
58031 232 376 343 350 0 0
58042 232 370 349 348 0 0
58076 232 364 355 346 0 0
58096 232 358 361 344 0 0
58106 232 352 367 342 0 0
58162 232 346 373 340 0 0
58179 232 340 379 338 0 0
58186 232 334 385 336 0 0
58229 232 328 391 334 0 0
58237 232 322 397 332 0 0
58293 232 316 403 330 0 0
58301 232 310 409 328 0 0
58318 232 304 415 326 0 0
58351 232 304 421 324 0 0
58370 232 304 427 322 0 0
58375 232 304 433 320 0 0
58435 232 304 439 318 0 0
58440 232 304 445 316 0 0
58495 232 304 451 314 0 0
58506 232 304 457 312 0 0
58512 232 304 463 310 0 0
58553 232 304 469 308 0 0
58560 232 304 475 306 0 0
58629 232 304 481 304 0 0
58636 232 304 487 302 0 0
58685 232 304 493 300 0 0
58697 232 304 499 298 0 0
58704 232 304 505 296 0 0
58754 232 304 511 294 0 0
58777 232 304 517 292 0 0
58782 232 304 523 290 0 0
58845 232 304 529 288 0 0
58853 232 304 535 286 0 0
58908 232 304 541 284 0 0
58920 232 298 547 282 0 0
58979 232 292 553 280 0 0
58987 232 286 559 278 0 0
59056 232 280 565 276 0 0
59063 232 274 571 274 0 0
59071 232 268 577 272 0 0
59104 232 262 583 270 0 0
59127 232 256 589 268 0 0
59136 232 250 595 266 0 0
59165 232 244 601 264 0 0
59181 232 238 607 262 0 0
59204 232 232 613 260 0 0
59212 232 226 619 258 0 0
59222 232 220 625 256 0 0
59248 232 214 631 254 0 0
59260 232 208 637 252 0 0
59264 232 202 643 250 0 0
59334 232 196 649 248 0 0
59344 232 190 655 246 0 0
59398 232 184 661 244 0 0
59409 232 178 667 242 0 0
59429 232 172 673 240 0 0
59484 232 166 679 238 0 0
59494 232 160 685 236 0 0
59536 232 154 691 234 0 0
59545 232 148 697 232 0 0
59603 232 142 703 230 0 0
59616 232 136 709 228 0 0
59624 232 130 715 226 0 0
59686 232 124 721 224 0 0
59689 232 124 727 222 0 0
59744 232 124 733 220 0 0
59760 232 124 739 218 0 0
59768 232 124 745 216 0 0
59782 232 124 751 214 0 0
59789 232 124 757 212 0 0
59848 232 124 763 210 0 0
59862 232 124 769 208 0 0
59866 232 124 775 206 0 0
59928 232 124 781 204 0 0
59935 232 124 787 202 0 0
59986 232 124 793 200 0 0
59998 232 124 799 198 0 0
60005 232 124 805 196 0 0
60072 232 124 811 194 0 0
60083 232 124 817 192 0 0
60100 232 124 823 190 0 0
60146 232 124 829 188 0 0
60156 232 124 835 186 0 0
60164 232 124 841 184 0 0
60203 232 124 847 182 0 0
60212 232 124 853 180 0 0
60271 232 118 859 178 0 0
60279 232 112 865 176 0 0
60286 232 106 871 174 0 0
60342 232 100 877 172 0 0
60356 232 94 883 170 0 0
60412 232 88 889 168 0 0
60422 232 82 895 166 0 0
60470 232 82 901 164 0 0
60491 232 82 907 162 0 0
60502 232 82 913 160 0 0
60522 232 82 919 158 0 0
60529 232 82 925 156 0 0
60548 232 82 931 154 0 0
60559 232 82 937 152 0 0
60601 232 82 943 150 0 0
60613 232 82 949 148 0 0
60660 232 82 955 146 0 0
60666 232 82 961 144 0 0
60691 232 82 967 142 0 0
60701 232 82 973 140 0 0
60760 232 82 979 138 0 0
60767 232 82 985 136 0 0
60830 232 82 991 134 0 0
60834 232 82 983 132 0 0
60880 232 82 977 130 0 0
60886 232 82 971 128 0 0
60943 232 82 965 126 0 0
60954 232 82 959 124 0 0
61016 232 88 953 122 0 0
61028 232 94 947 120 0 0
61086 232 100 941 118 0 0
61095 232 106 935 116 0 0
61172 232 112 929 114 0 0
61181 232 118 923 112 0 0
61240 232 124 917 110 0 0
61252 232 130 911 108 0 0
61304 232 136 905 106 0 0
61310 232 142 899 104 0 0
61370 232 148 893 102 0 0
61378 232 154 887 100 0 0
61440 232 160 881 98 0 0
61460 232 166 875 96 0 0
61466 232 172 869 94 0 0
61515 232 178 863 92 0 0
61524 232 184 857 90 0 0
61534 232 190 851 88 0 0
61578 232 190 845 86 0 0
61590 232 190 839 84 0 0
61640 226 190 833 82 0 0
61649 220 190 827 80 0 0
61655 214 190 821 78 0 0
61711 208 190 815 76 0 0
61732 202 190 809 74 0 0
61748 196 190 803 72 0 0
61784 190 190 797 70 0 0
61790 184 190 791 68 0 0
61846 178 190 785 66 0 0
61855 172 190 779 64 0 0
61885 166 190 773 62 0 0
61930 160 190 767 60 0 0
61939 154 190 761 58 0 0
61981 148 190 755 56 0 0
61991 142 190 749 54 0 0
61998 136 190 743 52 0 0
62032 130 190 737 50 0 0
62044 124 190 731 48 0 0
62100 118 190 725 46 0 0
62114 112 190 719 44 0 0
62126 106 190 713 42 0 0
62170 100 190 707 40 0 0
62187 94 190 701 38 0 0
62199 88 190 695 36 0 0
62256 82 190 689 34 0 0
62267 76 190 683 32 0 0
62281 70 190 677 30 0 0
62288 64 190 671 28 0 0
62342 58 190 665 26 0 0
62356 52 190 659 24 0 0
62363 46 190 653 22 0 0
62391 40 190 647 20 0 0
62399 34 190 641 18 0 0
62405 28 190 635 16 0 0
62466 22 190 629 14 0 0
62477 16 190 623 12 0 0
62512 10 190 617 10 0 0
62555 10 190 611 8 0 0
62559 10 190 605 6 0 0
62606 10 190 599 4 0 0
62614 10 190 593 2 0 0
62623 10 190 587 0 0 0
62685 10 190 581 2 0 0
62693 10 190 575 4 0 0
62744 16 190 569 6 0 0
62756 22 190 563 8 0 0
62765 28 190 557 10 0 0
62820 34 190 551 12 0 0
62828 40 190 545 14 0 0
62840 46 190 539 16 0 0
62853 52 190 533 18 0 0
62914 58 190 527 20 0 0
62920 64 190 521 22 0 0
62947 70 190 515 24 0 0
62959 76 190 509 26 0 0
63016 82 190 503 28 0 0
63033 88 190 497 30 0 0
63049 94 190 491 32 0 0
63074 100 190 485 34 0 0
63086 106 190 479 36 0 0
63093 112 190 473 38 0 0
63143 118 190 467 40 0 0
63152 124 190 461 42 0 0
63159 130 190 455 44 0 0
63212 136 190 449 46 0 0
63222 142 190 443 48 0 0
63227 148 190 437 50 0 0
63284 154 190 431 52 0 0
63294 160 190 425 54 0 0
63298 166 190 419 56 0 0
63343 172 190 413 58 0 0
63360 178 190 407 60 0 0
63370 184 190 401 62 0 0
63419 190 190 395 64 0 0
63428 196 190 389 66 0 0
63447 202 190 383 68 0 0
63450 208 190 377 70 0 0
63513 208 190 371 72 0 0
63521 208 190 365 74 0 0
63533 208 190 359 76 0 0
63546 208 190 353 78 0 0
63596 208 190 347 80 0 0
63604 208 190 341 82 0 0
63668 208 190 335 84 0 0
63679 208 190 329 86 0 0
63693 208 190 323 88 0 0
63717 208 190 317 90 0 0
63731 202 190 311 92 0 0
63773 196 190 305 94 0 0
63787 190 190 299 96 0 0
63795 184 190 293 98 0 0
63805 178 190 287 100 0 0
63861 172 190 281 102 0 0
63875 166 190 275 104 0 0
63885 160 190 269 106 0 0
63949 154 190 263 108 0 0
63957 148 190 257 110 0 0
63982 142 190 251 112 0 0
63991 136 190 245 114 0 0
64026 136 190 239 116 0 0
64061 136 190 233 118 0 0
64073 136 190 227 120 0 0
64089 136 190 221 122 0 0
64095 136 190 215 124 0 0
64152 136 190 209 126 0 0
64166 136 190 203 128 0 0
64178 136 190 197 130 0 0
64218 136 190 191 132 0 0
64229 136 190 185 134 0 0
64236 136 190 179 136 0 0
64280 136 190 173 138 0 0
64290 136 190 167 140 0 0
64300 136 190 161 142 0 0
64317 136 190 155 144 0 0
64347 136 190 149 146 0 0
64358 136 190 143 148 0 0
64367 136 190 137 150 0 0
64424 136 190 131 152 0 0
64434 136 190 125 154 0 0
64490 136 190 119 156 0 0
64498 136 190 113 158 0 0
64556 136 190 107 160 0 0
64563 136 190 101 162 0 0
64619 136 190 95 164 0 0
64629 136 190 89 166 0 0
64647 136 190 83 168 0 0
64677 136 190 77 170 0 0
64684 136 190 71 172 0 0
64692 136 190 65 174 0 0
64759 136 190 59 176 0 0
64765 136 190 53 178 0 0
64824 136 190 47 180 0 0
64830 136 190 41 182 0 0
64841 136 190 35 184 0 0
64848 136 190 29 186 0 0
64905 136 190 23 188 0 0
64914 136 190 17 190 0 0
64971 136 190 11 192 0 0
64979 136 190 5 194 0 0
65033 142 190 0 196 0 0
65041 148 190 8 200 0 0
65050 154 190 15 204 0 0
65095 160 190 22 208 0 0
65104 166 190 29 212 0 0
65126 172 190 36 216 0 0
65138 178 190 43 220 0 0
65210 184 190 50 224 0 0
65216 190 190 57 228 0 0
65234 196 190 64 232 0 0
65240 202 190 71 236 0 0
65252 208 190 78 240 0 0
65296 214 190 85 244 0 0
65305 220 190 92 248 0 0
65321 226 190 99 252 0 0
65328 232 190 106 256 0 0
65361 238 190 113 260 0 0
65394 244 190 120 264 0 0
65409 250 190 127 268 0 0
65423 256 190 134 272 0 0
65476 262 190 141 276 0 0
65486 268 190 148 280 0 0
65496 274 190 155 284 0 0
65523 280 190 162 288 0 0
65533 286 190 169 292 0 0
65565 292 190 176 296 0 0
65599 298 190 183 300 0 0
65611 304 190 190 304 0 0
65633 310 190 197 308 0 0
65676 316 190 204 312 0 0
65689 322 190 211 316 0 0
65733 328 190 218 320 0 0
65745 334 190 225 324 0 0
65797 340 190 232 328 0 0
65810 346 190 239 332 0 0
65870 352 190 246 336 0 0
65880 358 190 253 340 0 0
65920 364 190 260 344 0 0
65948 370 190 267 348 0 0
65959 376 190 274 352 0 0
66012 382 190 281 356 0 0
66025 388 190 288 360 0 0
66066 388 190 295 364 0 0
66077 388 190 302 368 0 0
66082 388 190 309 372 0 0
66150 388 190 316 376 0 0
66169 388 190 323 380 0 0
66202 388 190 330 384 0 0
66218 388 190 337 388 0 0
66229 388 190 344 392 0 0
66265 388 190 351 396 0 0
66278 388 190 358 400 0 0
66298 388 190 365 404 0 0
66332 388 190 372 408 0 0
66347 388 190 379 412 0 0
66362 388 190 386 416 0 0
66394 388 190 393 420 0 0
66403 388 190 400 424 0 0
66414 388 190 407 428 0 0
66473 388 190 414 432 0 0
66484 388 190 421 436 0 0
66489 388 190 428 440 0 0
66525 388 190 435 444 0 0
66536 388 190 442 448 0 0
66545 388 190 449 452 0 0
66613 388 196 456 456 0 0
66620 388 202 463 460 0 0
66681 388 208 470 464 0 0
66691 388 214 477 468 0 0
66747 388 220 484 472 0 0
66755 388 226 491 476 0 0
66772 388 232 498 480 0 0
66820 388 238 505 484 0 0
66828 388 244 512 488 0 0
66894 388 250 519 492 0 0
66900 388 256 526 488 0 0
66956 388 262 533 484 0 0
66962 388 268 540 480 0 0
67019 388 274 547 476 0 0
67026 388 274 554 472 0 0
67093 388 274 561 468 0 0
67099 388 274 568 464 0 0
67121 388 274 575 460 0 0
67126 388 274 582 456 0 0
67176 388 274 589 452 0 0
67183 388 274 596 448 0 0
67215 388 274 603 444 0 0
67226 388 274 610 440 0 0
67279 388 274 617 436 0 0
67291 388 274 624 432 0 0
67338 388 274 631 428 0 0
67355 388 274 638 424 0 0
67363 388 274 645 420 0 0
67398 388 274 652 416 0 0
67414 388 274 659 412 0 0
67421 388 268 666 408 0 0
67483 388 262 673 404 0 0
67490 388 256 680 400 0 0
67544 388 250 687 396 0 0
67557 388 244 694 392 0 0
67563 388 238 701 388 0 0
67617 388 232 708 384 0 0
67624 388 226 715 380 0 0
67655 388 220 722 376 0 0
67665 388 214 729 372 0 0
67692 388 208 736 368 0 0
67702 388 202 743 364 0 0
67722 388 196 750 360 0 0
67732 388 190 757 356 0 0
67794 388 190 764 352 0 0
67805 388 190 771 348 0 0
67815 388 190 778 344 0 0
67883 388 190 785 340 0 0
67889 388 190 792 336 0 0
67921 388 190 799 332 0 0
67926 388 190 806 328 0 0
67973 388 190 813 324 0 0
67986 388 190 820 320 0 0
67994 388 190 827 316 0 0
68047 388 190 834 312 0 0
68057 388 190 841 308 0 0
68103 388 190 848 304 0 0
68112 388 190 855 300 0 0
68121 388 190 862 296 0 0
68180 388 190 869 292 0 0
68192 388 190 876 288 0 0
68201 388 184 883 284 0 0
68258 388 178 890 280 0 0
68266 388 172 897 276 0 0
68300 388 166 904 272 0 0
68305 388 160 911 268 0 0
68314 388 154 918 264 0 0
68366 388 148 925 260 0 0
68374 388 142 932 256 0 0
68436 388 136 939 252 0 0
68444 388 130 946 248 0 0
68452 388 124 953 244 0 0
68476 388 118 960 240 0 0
68487 388 112 967 236 0 0
68542 388 106 974 232 0 0
68556 388 100 981 228 0 0
68565 388 94 988 224 0 0
68572 388 88 995 220 1 0
68607 388 82 502 252 1 0
68624 388 76 504 254 1 0
68634 388 70 506 256 1 0
68648 388 64 508 258 1 0
68691 388 58 510 260 1 0
68703 388 52 512 262 1 0
68729 388 46 514 264 1 0
68783 388 40 516 266 1 0
68792 388 34 518 268 1 0
68832 388 28 520 270 1 0
68840 388 22 522 272 1 0
68857 388 16 524 274 1 0
68867 388 10 526 276 1 0
68950 388 4 528 278 1 0
68956 388 0 530 280 1 0
69005 388 0 532 282 1 0
69014 388 0 534 284 1 0
69029 388 0 536 286 1 0
69073 388 0 538 288 1 0
69085 388 0 540 290 1 0
69106 388 0 542 292 1 0
69123 388 0 544 294 1 0
69131 388 0 546 296 1 0
69190 388 0 548 298 1 0
69203 388 0 550 300 1 0
69224 388 0 552 302 1 0
69232 388 0 554 304 1 0
69305 382 0 556 306 1 0
69316 376 0 558 308 1 0
69363 370 0 560 310 1 0
69374 364 0 562 312 1 0
69393 358 0 564 314 1 0
69459 352 0 566 316 1 0
69465 346 0 568 318 1 0
69513 340 6 570 320 1 0
69519 334 12 572 322 1 0
69599 328 18 574 324 1 0
69614 322 24 576 326 1 0
69623 316 30 578 328 1 0
69684 310 36 580 330 1 0
69697 304 42 582 332 1 0
69713 298 48 584 334 1 0
69783 292 54 586 336 1 0
69798 286 60 588 338 1 0
69891 280 66 590 340 1 0
69902 274 72 592 342 1 0
69963 274 78 594 344 1 0
69971 274 84 596 346 1 0
70002 274 90 598 348 1 0
70042 274 96 600 350 1 0
70049 274 102 602 352 1 0
70119 274 108 604 354 1 0
70127 274 114 606 356 1 0
70137 274 120 608 358 1 0
70175 274 126 610 360 1 0
70193 274 132 612 362 1 0
70196 274 138 614 364 1 0
70230 274 144 616 366 1 0
70233 274 150 618 368 1 0
70257 274 156 620 370 1 0
70263 274 162 622 372 1 0
70324 274 168 624 374 1 0
70334 274 174 626 376 1 0
70381 280 180 628 378 1 0
70396 286 186 630 380 1 0
70405 292 192 632 382 1 0
70453 298 198 634 384 1 0
70464 304 204 636 386 1 0
70471 310 210 638 388 1 0
70515 316 216 640 390 1 0
70525 322 222 642 392 1 0
70540 328 228 644 394 1 0
70553 334 234 646 396 1 0
70620 340 240 648 398 1 0
70642 346 246 650 400 1 0
70679 352 252 652 402 1 0
70687 358 258 654 404 1 0
70740 364 264 656 406 1 0
70751 370 270 658 408 1 0
70758 376 276 660 410 1 0
70816 382 282 662 412 1 0
70826 388 288 664 414 1 0
70850 394 294 666 416 1 0
70896 400 300 668 418 1 0
70909 400 306 670 420 1 0
70911 400 312 672 422 1 0
70969 400 318 674 424 1 0
70980 400 324 676 426 1 0
70998 400 330 678 428 1 0
71049 400 336 680 430 1 0
71064 400 342 682 432 1 0
71070 400 348 684 434 1 0
71136 400 354 686 436 1 0
71145 400 360 688 438 1 0
71152 400 366 690 440 1 0
71208 400 372 692 442 1 0
71217 400 378 694 444 1 0
71225 400 384 696 446 1 0
71281 400 390 698 448 1 0
71290 400 396 700 450 1 0
71362 400 400 702 452 1 0
71373 400 400 704 454 1 0
71426 400 400 706 456 1 0
71438 400 400 708 458 1 0
71449 400 400 710 460 1 0
71501 400 400 712 462 1 0
71511 400 400 714 464 1 0
71567 400 400 716 466 1 0
71580 400 400 718 468 1 0
71602 400 400 720 470 1 0
71643 400 400 722 472 1 0
71649 400 400 724 474 1 0
71713 400 400 726 476 1 0
71720 400 400 728 478 1 0
71765 400 400 730 480 1 0
71778 400 400 732 482 1 0
71784 400 400 734 484 1 0
71847 400 400 736 486 1 0
71855 400 400 738 488 1 0
71868 400 400 740 490 1 0
71874 400 400 742 488 1 0
71910 400 400 744 486 1 0
71920 400 400 746 484 1 0
71975 400 400 748 482 1 0
71985 400 400 750 480 1 0
71993 400 400 752 478 1 0
72037 400 400 754 476 1 0
72049 400 400 756 474 1 0
72056 400 400 758 472 1 0
72095 400 400 760 470 1 0
72107 400 400 762 468 1 0
72114 400 400 764 466 1 0
72176 400 400 766 464 1 0
72181 400 400 768 462 1 0
72219 400 394 770 460 1 0
72225 400 388 772 458 1 0
72280 400 382 774 456 1 0
72291 400 376 776 454 1 0
72297 400 370 778 452 1 0
72368 400 364 780 450 1 0
72381 400 358 782 448 1 0
72416 400 358 784 446 1 0
72427 400 358 786 444 1 0
72434 400 358 788 442 1 0
72449 400 358 790 440 1 0
72490 400 358 792 438 1 0
72501 400 358 794 436 1 0
72550 400 358 796 434 1 0
72564 400 358 798 432 1 0
72576 400 358 800 430 1 0
72627 400 358 802 428 1 0
72635 400 358 804 426 1 0
72697 400 358 806 424 1 0
72706 400 358 808 422 1 0
72712 400 358 810 420 1 0
72755 400 358 812 418 1 0
72776 400 358 814 416 1 0
72791 400 358 816 414 1 0
72793 400 358 818 412 1 0
72854 400 358 820 410 1 0
72862 400 358 822 408 1 0
72919 400 358 824 406 1 0
72927 400 358 826 404 1 0
72977 400 358 828 402 1 0
72987 400 358 830 400 1 0
73048 400 358 832 398 1 0
73064 400 358 834 396 1 0
73073 400 358 836 394 1 0
73080 400 358 838 392 1 0
73094 400 358 840 390 1 0
73148 400 358 842 388 1 0
73161 400 358 844 386 1 0
73169 400 358 846 384 1 0
73222 400 358 848 382 1 0
73231 400 358 850 380 1 0
73239 400 358 852 378 1 0
73294 400 352 854 376 1 0
73304 400 346 856 374 1 0
73320 400 340 858 372 1 0
73380 400 334 860 370 1 0
73390 400 328 862 368 1 0
73445 400 322 864 366 1 0
73458 400 322 866 364 1 0
73463 400 322 868 362 1 0
73536 400 322 870 360 1 0
73547 400 322 872 358 1 0
73596 400 322 874 356 1 0
73602 400 322 876 354 1 0
73682 400 322 878 352 1 0
73697 400 322 880 350 1 0
73703 400 322 882 348 1 0
73788 400 322 884 346 1 0
73803 400 322 886 344 1 0
73886 400 322 888 342 1 0
73901 400 322 890 340 1 0
73918 400 322 892 338 1 0
73984 400 322 894 336 1 0
73998 400 322 896 334 1 0
74008 400 322 898 332 1 0
74017 400 322 900 330 1 0
74025 400 322 902 328 1 0
73279 400 322 904 326 1 0
73292 400 322 906 324 1 0
73309 400 322 908 322 1 0
73353 400 322 910 320 1 0
73364 400 322 912 318 1 0
73371 400 322 914 316 1 0
73429 400 322 916 314 1 0
73435 400 322 918 312 1 0
73474 400 322 920 310 1 0
73486 400 322 922 308 1 0
73497 400 322 924 306 1 0
73551 400 316 926 304 1 0
73560 400 310 928 302 1 0
73575 400 304 930 300 1 0
73582 400 298 932 298 1 0
73597 400 292 934 296 1 0
73610 400 286 936 294 1 0
73661 400 280 938 292 1 0
73670 400 274 940 290 1 0
73711 400 268 942 288 1 0
73723 400 262 944 286 1 0
73728 400 256 946 284 1 0
73780 400 250 948 282 1 0
73791 400 244 950 280 1 0
73850 400 238 952 278 1 0
73861 400 232 954 276 1 0
73924 400 226 956 274 1 0
73933 400 220 958 272 1 0
73982 400 214 960 270 1 0
73996 400 208 962 268 1 0
74003 400 202 964 266 1 0
74066 400 196 966 264 1 0
74080 400 190 968 262 1 0
74140 400 184 970 260 1 0
74149 400 178 972 258 1 0
74157 400 172 974 256 1 0
74195 400 166 976 254 1 0
74216 400 160 978 252 1 0
74236 400 154 980 250 1 0
74244 400 148 982 248 1 0
74288 400 142 984 246 1 0
74295 400 136 986 244 1 0
74339 400 130 988 242 1 0
74342 400 124 990 240 1 0
74396 400 118 992 238 2 0
74414 400 112 502 252 2 0
74430 400 106 504 254 2 0
74487 400 100 506 256 2 0
74505 400 94 508 258 2 0
74543 400 88 510 260 2 0
74563 400 82 512 262 2 0
74584 400 76 514 264 2 0
74643 400 70 516 266 2 0
74649 400 64 518 268 2 0
74680 400 58 520 270 2 0
74704 400 52 522 272 2 0
74718 400 46 524 274 2 0
74812 400 40 526 276 2 0
74821 400 34 528 278 2 0
74868 400 28 530 280 2 0
74890 400 22 532 282 2 0
74904 400 16 534 284 2 0
74960 400 10 536 286 2 0
74972 400 4 538 288 2 0
75020 400 4 540 290 2 0
75036 400 4 542 292 2 0
75067 400 4 544 294 2 0
75076 400 4 546 296 2 0
75105 400 4 548 298 2 0
75111 400 4 550 300 2 0
75126 400 4 552 302 2 0
75134 400 4 554 304 2 0
75209 400 4 556 306 2 0
75229 400 4 558 308 2 0
75270 400 4 560 310 2 0
75303 400 4 562 312 2 0
75318 400 4 564 314 2 0
75327 400 4 566 316 2 0
75405 400 4 568 318 2 0
75415 400 4 570 320 2 0
75458 400 4 572 322 2 0
75474 400 4 574 324 2 0
75487 400 4 576 326 2 0
75555 400 4 578 328 2 0
75560 400 4 580 330 2 0
75596 400 4 582 332 2 0
75606 400 4 584 334 2 0
75616 400 4 586 336 2 0
75704 400 4 588 338 2 0
75719 400 4 590 340 2 0
75740 400 4 592 342 2 0
75747 400 4 594 344 2 0
75813 400 4 596 346 2 0
75818 400 4 598 348 2 0
75828 400 4 600 350 2 0
75856 400 4 602 352 2 0
75893 400 4 604 354 2 0
75911 400 4 606 356 2 0
75920 400 4 608 358 2 0
75965 400 4 610 360 2 0
75986 400 4 612 362 2 0
75998 400 4 614 364 2 0
76040 400 4 616 366 2 0
76051 400 4 618 368 2 0
76074 400 4 620 370 2 0
76086 400 4 622 372 2 0
76143 400 4 624 374 2 0
76161 400 4 626 376 2 0
76193 400 4 628 378 2 0
76205 400 4 630 380 2 0
76217 400 4 632 382 2 0
76225 400 4 634 384 2 0
76321 400 4 636 386 2 0
76325 400 4 638 388 2 0
76394 400 4 640 390 2 0
76404 400 4 642 392 2 0
76461 400 4 644 394 2 0
76476 400 4 646 396 2 0
76534 400 4 648 398 2 0
76544 400 4 650 400 2 0
76554 400 4 652 402 2 0
76596 400 4 654 404 2 0
76612 400 4 656 406 2 0
76618 400 4 658 408 2 0
76685 400 4 660 410 2 0
76694 400 4 662 412 2 0
76706 400 4 664 414 2 0
76715 400 4 666 416 2 0
76778 400 4 668 418 2 0
76787 400 4 670 420 2 0
76840 400 4 672 422 2 0
76857 400 4 674 424 2 0
76860 400 4 676 426 2 0
76906 400 4 678 428 2 0
76913 400 4 680 430 2 0
76938 400 4 682 432 2 0
76943 400 4 684 434 2 0
76981 400 4 686 436 2 0
76995 400 4 688 438 2 0
77007 400 4 690 440 2 0
77020 400 4 692 442 2 0
77057 400 4 694 444 2 0
77072 400 4 696 446 2 0
77079 400 4 698 448 2 0
77125 400 4 700 450 2 0
77136 400 4 702 452 2 0
77192 400 4 704 454 2 0
77200 400 4 706 456 2 0
77209 400 4 708 458 2 0
77282 400 4 710 460 2 0
77287 400 4 712 462 2 0
77338 400 4 714 464 2 0
77349 400 4 716 466 2 0
77396 400 4 718 468 2 0
77405 400 4 720 470 2 0
77418 400 4 722 472 2 0
77424 400 4 724 474 2 0
77485 400 4 726 476 2 0
77499 400 4 728 478 2 0
77545 400 4 730 480 2 0
77567 400 4 732 482 2 0
77575 400 4 734 484 2 0
77636 400 4 736 486 2 0
77641 400 4 738 488 2 0
77710 400 4 740 490 2 0
77716 400 4 742 488 2 0
77773 400 4 744 486 2 0
77789 400 4 746 484 2 0
77840 400 4 748 482 2 0
77852 400 4 750 480 2 0
77860 400 4 752 478 2 0
77900 400 4 754 476 2 0
77913 400 4 756 474 2 0
77920 400 4 758 472 2 0
77982 400 4 760 470 2 0
77991 400 4 762 468 2 0
78012 400 4 764 466 2 0
78052 400 4 766 464 2 0
78066 400 4 768 462 2 0
78070 400 4 770 460 2 0
78133 400 4 772 458 2 0
78143 400 4 774 456 2 0
78193 400 4 776 454 2 0
78201 400 4 778 452 2 0
78261 400 4 780 450 2 0
78272 400 4 782 448 2 0
78278 400 4 784 446 2 0
78336 400 4 786 444 2 0
78345 400 4 788 442 2 0
78362 400 4 790 440 2 0
78370 400 4 792 438 2 0
78425 400 4 794 436 2 0
78438 400 4 796 434 2 0
78483 400 4 798 432 2 0
78502 400 4 800 430 2 0
78515 400 4 802 428 2 0
78568 400 4 804 426 2 0
78578 400 4 806 424 2 0
78628 400 4 808 422 2 0
78642 400 4 810 420 2 0
78688 400 4 812 418 2 0
78704 400 4 814 416 2 0
78715 400 4 816 414 2 0
78786 400 4 818 412 2 0
78796 400 4 820 410 2 0
78805 400 4 822 408 2 0
78856 400 4 824 406 2 0
78867 400 4 826 404 2 0
78872 400 4 828 402 2 0
78927 400 4 830 400 2 0
78939 400 4 832 398 2 0
78943 400 4 834 396 2 0
79004 400 4 836 394 2 0
79012 400 4 838 392 2 0
79064 400 4 840 390 2 0
79072 400 4 842 388 2 0
79079 400 4 844 386 2 0
79133 400 4 846 384 2 0
79142 400 4 848 382 2 0
79149 400 4 850 380 2 0
79175 400 4 852 378 2 0
79188 400 4 854 376 2 0
79195 400 4 856 374 2 0
79237 400 4 858 372 2 0
79246 400 4 860 370 2 0
79264 400 4 862 368 2 0
79269 400 4 864 366 2 0
79339 400 4 866 364 2 0
79347 400 4 868 362 2 0
79395 400 4 870 360 2 0
79401 400 4 872 358 2 0
79431 400 4 874 356 2 0
79449 400 4 876 354 2 0
79486 400 4 878 352 2 0
79502 400 4 880 350 2 0
79515 400 4 882 348 2 0
79521 400 4 884 346 2 0
79585 400 4 886 344 2 0
79592 400 4 888 342 2 0
79649 400 4 890 340 2 0
79657 400 4 892 338 2 0
79718 400 4 894 336 2 0
79726 400 4 896 334 2 0
79780 400 4 898 332 2 0
79785 400 4 900 330 2 0
79832 400 4 902 328 2 0
79845 400 4 904 326 2 0
79853 400 4 906 324 2 0
79908 400 4 908 322 2 0
79928 400 4 910 320 2 0
79934 400 4 912 318 2 0
79988 400 4 914 316 2 0
79998 400 10 916 314 2 0
80002 400 16 918 312 2 0
80075 400 22 920 310 2 0
80081 400 28 922 308 2 0
80130 400 34 924 306 2 0
80137 400 40 926 304 2 0
80145 400 46 928 302 2 0
80194 400 52 930 300 2 0
80203 400 58 932 298 2 0
80215 400 64 934 296 2 0
80270 400 70 936 294 2 0
80279 400 76 938 292 2 0
80328 400 82 940 290 2 0
80338 400 88 942 288 2 0
80343 400 94 944 286 2 0
80397 400 100 946 284 2 0
80405 400 106 948 282 2 0
80413 400 112 950 280 2 0
80466 400 118 952 278 2 0
80475 400 124 954 276 2 0
80488 400 130 956 274 2 0
80547 400 136 958 272 2 0
80559 400 142 960 270 2 0
80565 400 148 962 268 2 0
80627 400 154 964 266 2 0
80646 400 160 966 264 2 0
80652 400 166 968 262 2 0
80704 400 172 970 260 2 0
80715 400 178 972 258 2 0
80722 400 184 974 256 2 0
80784 400 190 976 254 2 0
80793 400 196 978 252 2 0
80808 400 202 980 250 2 0
80855 400 208 982 248 2 0
80869 400 214 984 246 2 0
80879 400 220 986 244 2 0
80941 400 226 988 242 2 0
80949 400 232 990 240 2 0
81001 400 238 987 240 2 0
81007 400 244 985 240 2 0
81066 400 250 983 240 2 0
81076 400 256 981 240 2 0
81124 400 262 979 240 2 0
81139 400 268 977 240 2 0
81144 400 274 975 240 2 0
81210 400 280 973 240 2 0
81227 400 286 971 240 2 0
81238 400 292 969 240 2 0
81286 400 298 967 240 2 0
81295 400 304 965 240 2 0
81302 400 310 963 240 2 0
81354 400 316 961 240 2 0
81365 400 322 959 240 2 0
81420 400 328 957 240 2 0
81429 400 334 955 240 2 0
81436 400 340 953 240 2 0
81499 400 346 951 240 2 0
81514 400 352 949 240 2 0
81521 400 358 947 240 2 0
81570 400 364 945 240 2 0
81580 400 370 943 240 2 0
81603 400 376 941 240 2 0
81620 400 382 939 240 2 0
81636 400 388 937 240 2 0
81640 400 394 935 240 2 0
81693 400 400 933 240 2 0
81697 400 400 931 240 2 0
81761 400 400 929 240 2 0
81772 400 400 927 240 2 0
81782 400 400 925 240 2 0
81836 400 400 923 240 2 0
81848 400 400 921 240 2 0
81855 400 400 919 240 2 0
81910 400 400 917 240 2 0
81920 400 400 915 240 2 0
81931 400 400 913 240 2 0
81972 400 400 911 240 2 0
81981 400 400 909 240 2 0
81997 400 400 907 240 2 0
82009 400 400 905 240 2 0
82019 400 400 903 240 2 0
82069 400 400 901 240 2 0
82083 400 400 899 240 2 0
82090 400 400 897 240 2 0
82156 394 400 895 240 2 0
82169 388 400 893 240 2 0
82190 382 400 891 240 2 0
82224 376 400 889 240 2 0
82231 370 400 887 240 2 0
82280 364 400 885 240 2 0
82289 358 400 883 240 2 0
82342 352 400 881 240 2 0
82351 346 400 879 240 2 0
82359 340 400 877 240 2 0
82420 334 400 875 240 2 0
82425 328 400 873 240 2 0
82491 322 400 871 240 2 0
82496 316 400 869 240 2 0
82551 310 400 867 240 2 0
82560 304 400 865 240 2 0
82567 298 400 863 240 2 0
82619 292 400 861 240 2 0
82629 286 400 859 240 2 0
82638 280 400 857 240 2 0
82706 274 400 855 240 2 0
82714 268 400 853 240 2 0
82754 262 400 851 240 2 0
82764 262 400 849 240 2 0
82769 262 400 847 240 2 0
82825 262 400 845 240 2 0
82836 262 400 843 240 2 0
82844 262 400 841 240 2 0
82857 262 400 839 240 2 0
82891 262 400 837 240 2 0
82902 262 400 835 240 2 0
82910 262 400 833 240 2 0
82954 262 400 831 240 2 0
82957 262 400 829 240 2 0
83011 262 400 827 240 2 0
83021 262 400 825 240 2 0
83027 262 400 823 240 2 0
83057 262 400 821 240 2 0
83064 262 400 819 240 2 0
83073 262 400 817 240 2 0
83087 262 400 815 240 2 0
83118 262 400 813 240 2 0
83125 262 400 811 240 2 0
83169 262 400 809 240 2 0
83175 262 400 807 240 2 0
83244 262 400 805 240 2 0
83250 262 400 803 240 2 0
83302 262 400 801 240 2 0
83313 262 400 799 240 2 0
83324 262 400 797 240 2 0
83380 262 400 795 240 2 0
83387 262 400 793 240 2 0
83432 262 400 791 240 2 0
83440 262 400 789 240 2 0
83450 262 400 787 240 2 0
83489 262 400 785 240 2 0
83500 262 400 783 240 2 0
83507 262 400 781 240 2 0
83535 262 400 779 240 2 0
83544 262 400 777 240 2 0
83567 262 400 775 240 2 0
83578 262 400 773 240 2 0
83617 262 400 771 240 2 0
83629 262 400 769 240 2 0
83639 262 400 767 240 2 0
83686 262 400 765 240 2 0
83701 262 400 763 240 2 0
83706 262 400 761 240 2 0
83758 262 400 759 240 2 0
83765 262 400 757 240 2 0
83778 262 400 755 240 2 0
83831 262 400 753 240 2 0
83840 262 400 751 240 2 0
83848 262 400 749 240 2 0
83910 262 400 747 240 2 0
83920 262 400 745 240 2 0
83928 262 400 743 240 2 0
83985 256 400 741 240 2 0
83992 250 400 739 240 2 0
84002 244 400 737 240 2 0
84054 238 400 735 240 2 0
84066 232 400 733 240 2 0
84074 226 400 731 240 2 0
84141 220 400 729 240 2 0
84157 214 400 727 240 2 0
84216 208 400 725 240 2 0
84224 202 400 723 240 2 0
84235 196 400 721 240 2 0
84283 190 400 719 240 2 0
84294 184 400 717 240 2 0
84355 178 400 715 240 2 0
84363 172 400 713 240 2 0
84371 166 400 711 240 2 0
84380 160 400 709 240 2 0
84412 154 400 707 240 2 0
84420 148 400 705 240 2 0
84464 142 400 703 240 2 0
84474 136 400 701 240 2 0
84481 130 400 699 240 2 0
84520 124 400 697 240 2 0
84537 118 400 695 240 2 0
84556 112 400 693 240 2 0
84609 112 400 691 240 2 0
84615 112 400 689 240 2 0
84670 112 400 687 240 2 0
84684 112 400 685 240 2 0
84739 118 400 683 240 2 0
84747 124 400 681 240 2 0
84801 130 400 679 240 2 0
84809 136 400 677 240 2 0
84817 142 400 675 240 2 0
84839 148 400 673 240 2 0
84845 154 400 671 240 2 0
84852 160 400 669 240 2 0
84907 166 400 667 240 2 0
84916 172 400 665 240 2 0
84935 178 400 663 240 2 0
84944 184 400 661 240 2 0
84977 190 400 659 240 2 0
85010 196 400 657 240 2 0
85021 202 400 655 240 2 0
85026 208 400 653 240 2 0
85099 214 400 651 240 2 0
85109 220 400 649 240 2 0
85173 220 400 647 240 2 0
85183 220 400 645 240 2 0
85212 220 400 643 240 2 0
85222 220 400 641 240 2 0
85275 220 400 639 240 2 0
85287 220 400 637 240 2 0
85301 220 400 635 240 2 0
85340 214 400 633 240 2 0
85350 208 400 631 240 2 0
85402 202 400 629 240 2 0
85411 196 400 627 240 2 0
85470 190 400 625 240 2 0
85479 184 400 623 240 2 0
85540 178 400 621 240 2 0
85552 172 400 619 240 2 0
85582 172 400 617 240 2 0
85590 172 400 615 240 2 0
85623 172 400 613 240 2 0
85628 172 400 611 240 2 0
85636 172 400 609 240 2 0
85651 172 400 607 240 2 0
85657 172 400 605 240 2 0
85694 172 400 603 240 2 0
85701 172 400 601 240 2 0
85713 172 400 599 240 2 0
85722 172 400 597 240 2 0
85746 172 400 595 240 2 0
85793 178 400 593 240 2 0
85805 184 400 591 240 2 0
85823 190 400 589 240 2 0
85832 196 400 587 240 2 0
85873 202 400 585 240 2 0
85883 208 400 583 240 2 0
85898 214 400 581 240 2 0
85914 220 400 579 240 2 0
85967 226 400 577 240 2 0
85977 232 400 575 240 2 0
86002 232 400 573 240 2 0
86005 232 400 571 240 2 0
86073 232 400 569 240 2 0
86082 232 400 567 240 2 0
86134 232 400 565 240 2 0
86155 232 400 563 240 2 0
86171 232 400 561 240 2 0
86224 226 400 559 240 2 0
86238 220 400 557 240 2 0
86289 214 400 555 240 2 0
86297 208 400 553 240 2 0
86361 202 400 551 240 2 0
86369 202 400 549 240 2 0
86418 202 400 547 240 2 0
86429 202 400 545 240 2 0
86438 202 400 543 240 2 0
86497 202 400 541 240 2 0
86502 202 400 539 240 2 0
86516 202 400 537 240 2 0
86528 202 400 535 240 2 0
86543 202 400 533 240 2 0
86574 202 400 531 240 2 0
86579 202 400 529 240 2 0
86598 202 400 527 240 2 0
86610 208 400 525 240 2 0
86616 214 400 523 240 2 0
86681 220 400 521 240 2 0
86698 226 400 519 240 2 0
86704 232 400 517 240 2 0
86756 238 400 515 240 2 0
86768 244 400 513 240 2 0
86832 244 400 511 240 2 0
86844 244 400 509 240 2 0
86854 244 400 507 240 2 0
86916 244 400 505 240 2 0
86926 244 400 503 240 2 0
86976 244 400 501 240 2 0
86985 238 400 499 240 2 0
86991 232 400 497 240 2 0
87056 226 400 495 240 2 0
87064 220 400 493 240 2 0
87125 214 400 491 240 2 0
87132 208 400 489 240 2 0
87148 202 400 487 240 2 0
87160 196 400 485 240 2 0
87189 190 400 483 240 2 0
87201 184 400 481 240 2 0
87263 184 400 479 240 2 0
87273 184 400 477 240 2 0
87285 184 400 475 240 2 0
87295 184 400 473 240 2 0
87303 184 400 471 240 2 0
87330 184 400 469 240 2 0
87342 184 400 467 240 2 0
87350 184 400 465 240 2 0
87404 184 400 463 240 2 0
87415 184 400 461 240 2 0
87423 184 400 459 240 2 0
87483 184 400 457 240 2 0
87488 184 400 455 240 2 0
87555 184 400 453 240 2 0
87558 184 400 451 240 2 0
87615 184 400 449 240 2 0
87629 184 400 447 240 2 0
87665 184 400 445 240 2 0
87672 184 400 443 240 2 0
87742 184 400 441 240 2 0
87750 184 400 439 240 2 0
87761 184 400 437 240 2 0
87777 184 400 435 240 2 0
87803 184 400 433 240 2 0
87812 184 400 431 240 2 0
87847 184 400 429 240 2 0
87864 184 400 427 240 2 0
87872 184 400 425 240 2 0
87879 184 400 423 240 2 0
87925 184 400 421 240 2 0
87932 184 400 419 240 2 0
87964 184 400 417 240 2 0
87978 184 400 415 240 2 0
87986 184 400 413 240 2 0
88037 184 400 411 240 2 0
88048 184 400 409 240 2 0
88054 184 400 407 240 2 0
88115 184 400 405 240 2 0
88132 184 400 403 240 2 0
88137 184 400 401 240 2 0
88207 184 400 399 240 2 0
88224 184 400 397 240 2 0
88266 184 400 395 240 2 0
88277 184 400 393 240 2 0
88309 184 400 391 240 2 0
88320 184 400 389 240 2 0
88326 184 400 387 240 2 0
88379 184 400 385 240 2 0
88389 184 400 383 240 2 0
88395 184 400 381 240 2 0
88421 184 400 379 240 2 0
88432 184 400 377 240 2 0
88488 184 400 375 240 2 0
88492 184 400 373 240 2 0
88541 184 400 371 240 2 0
88551 184 400 369 240 2 0
88560 184 400 367 240 2 0
88620 184 400 365 240 2 0
88629 184 400 363 240 2 0
88685 184 400 361 240 2 0
88691 184 400 359 240 2 0
88758 184 400 357 240 2 0
88766 184 400 355 240 2 0
88819 184 400 353 240 2 0
88825 184 400 351 240 2 0
88891 184 400 349 240 2 0
88899 184 400 347 240 2 0
88905 184 400 345 240 2 0
88962 184 400 343 240 2 0
88978 184 400 341 240 2 0
89019 184 400 339 240 2 0
89028 184 400 337 240 2 0
89036 184 400 335 240 2 0
89090 184 400 333 240 2 0
89104 184 400 331 240 2 0
89108 184 400 329 240 2 0
89146 184 400 327 240 2 0
89156 184 400 325 240 2 0
89162 184 400 323 240 2 0
89200 184 400 321 240 2 0
89216 184 400 319 240 2 0
89225 184 400 317 240 2 0
89234 184 400 315 240 2 0
89274 184 400 313 240 2 0
89289 184 400 311 240 2 0
89336 184 400 309 240 2 0
89350 184 400 307 240 2 0
89372 184 400 305 240 2 0
89411 184 400 303 240 2 0
89417 184 400 301 240 2 0
89457 184 400 299 240 2 0
89469 184 400 297 240 2 0
89479 184 400 295 240 2 0
89526 184 400 293 240 2 0
89534 184 400 291 240 2 0
89577 184 400 289 240 2 0
89589 184 400 287 240 2 0
89607 184 400 285 240 2 0
89631 184 400 283 240 2 0
89637 184 400 281 240 2 0
89677 184 400 279 240 2 0
89688 184 400 277 240 2 0
89701 184 400 275 240 2 0
89727 184 400 273 240 2 0
89740 184 400 271 240 2 0
89743 184 400 269 240 2 0
89799 184 400 267 240 2 0
89812 184 400 265 240 2 0
89823 184 400 263 240 2 0
89876 184 400 261 240 2 0
89893 184 400 259 240 2 0
89897 184 400 257 240 2 0
89957 184 400 255 240 2 0
89962 184 400 253 240 2 0
90014 184 400 251 240 2 0
90025 184 400 249 240 2 0
90034 184 400 247 240 2 0
90064 184 400 245 240 2 0
90108 184 400 243 240 2 0
90115 184 400 241 240 2 0
90167 190 400 239 240 2 0
90187 196 400 237 240 2 0
90196 202 400 235 240 2 0
90252 208 400 233 240 2 0
90257 214 400 231 240 2 0
90327 214 400 229 240 2 0
90350 214 400 227 240 2 0
90394 214 400 225 240 2 0
90404 214 400 223 240 2 0
90410 214 400 221 240 2 0
90465 214 400 219 240 2 0
90478 214 400 217 240 2 0
90499 214 400 215 240 2 0
90540 214 400 213 240 2 0
90557 214 400 211 240 2 0
90568 214 400 209 240 2 0
90621 214 400 207 240 2 0
90628 214 400 205 240 2 0
90695 214 400 203 240 2 0
90701 214 400 201 240 2 0
90759 214 400 199 240 2 0
90767 214 400 197 240 2 0
90829 214 400 195 240 2 0
90837 214 400 193 240 2 0
90899 214 400 191 240 2 0
90915 214 400 189 240 2 0
90921 214 400 187 240 2 0
90983 214 400 185 240 2 0
90989 214 400 183 240 2 0
91057 214 400 181 240 2 0
91063 214 400 179 240 2 0
91124 214 400 177 240 2 0
91132 214 400 175 240 2 0
91179 214 400 173 240 2 0
91189 214 400 171 240 2 0
91195 214 400 169 240 2 0
91256 214 400 167 240 2 0
91263 214 400 165 240 2 0
91331 214 400 163 240 2 0
91349 214 400 161 240 2 0
91408 214 400 159 240 2 0
91420 214 400 157 240 2 0
91474 214 400 155 240 2 0
91484 214 400 153 240 2 0
91534 214 400 151 240 2 0
91547 214 400 149 240 2 0
91553 214 400 147 240 2 0
91607 214 400 145 240 2 0
91619 214 400 143 240 2 0
91634 214 400 141 240 2 0
91685 214 400 139 240 2 0
91689 214 400 137 240 2 0
91743 214 400 135 240 2 0
91755 214 400 133 240 2 0
91760 214 400 131 240 2 0
91833 214 400 129 240 2 0
91840 214 400 127 240 2 0
91894 214 400 125 240 2 0
91901 214 400 123 240 2 0
91958 214 400 121 240 2 0
91970 214 400 119 240 2 0
91998 214 400 117 240 2 0
92034 214 400 115 240 2 0
92046 214 400 113 240 2 0
92105 214 400 111 240 2 0
92114 214 400 109 240 2 0
92169 214 400 107 240 2 0
92189 214 400 105 240 2 0
92193 214 400 103 240 2 0
92239 214 400 101 240 2 0
92247 214 400 99 240 2 0
92310 214 400 97 240 2 0
92325 214 400 95 240 2 0
92386 214 400 93 240 2 0
92390 214 400 91 240 2 0
92434 214 400 89 240 2 0
92440 214 400 87 240 2 0
92455 214 400 85 240 2 0
92460 214 400 83 240 2 0
92507 214 400 81 240 2 0
92515 214 400 79 240 2 0
92574 214 400 77 240 2 0
92589 214 400 75 240 2 0
92644 214 400 73 240 2 0
92656 214 400 71 240 2 0
92662 214 400 69 240 2 0
92713 214 400 67 240 2 0
92720 214 400 65 240 2 0
92727 214 400 63 240 2 0
92735 214 400 61 240 2 0
92763 214 400 59 240 2 0
92773 214 400 57 240 2 0
92781 214 400 55 240 2 0
92834 214 400 53 240 2 0
92845 214 400 51 240 2 0
92874 214 400 49 240 2 0
92910 214 400 47 240 2 0
92920 214 400 45 240 2 0
92974 214 400 43 240 2 0
92986 214 400 41 240 2 0
92990 214 400 39 240 2 0
93043 214 400 37 240 2 0
93055 214 400 35 240 2 0
93116 214 400 33 240 2 0
93126 214 400 31 240 2 0
93131 214 400 29 240 2 0
93191 214 400 27 240 2 0
93198 214 400 25 240 2 0
93210 214 400 23 240 2 0
93248 214 400 21 240 2 0
93265 208 400 19 240 2 0
93277 202 400 17 240 2 0
93291 196 400 15 240 2 0
93329 190 400 13 240 2 0
93342 184 400 11 240 2 0
93349 178 400 9 240 2 0
93400 172 400 7 240 2 0
93409 166 400 5 240 2 0
93416 160 400 3 240 2 0
93459 154 400 1 240 2 0
93474 148 400 0 240 2 0
93486 142 400 4 238 2 0
93517 136 400 7 236 2 0
93536 130 400 10 234 2 0
93562 124 400 13 232 2 0
93567 118 400 16 230 2 0
93581 112 400 19 228 2 0
93589 106 400 22 226 2 0
93610 100 400 25 224 2 0
93643 94 400 28 222 2 0
93654 88 400 31 220 2 0
93686 82 400 34 218 2 0
93697 76 400 37 216 2 0
93711 70 400 40 214 2 0
93752 64 400 43 212 2 0
93764 58 400 46 210 2 0
93771 52 400 49 208 2 0
93826 46 400 52 206 2 0
93838 40 400 55 204 2 0
93846 34 400 58 202 2 0
93904 28 400 61 200 2 0
93915 22 400 64 198 2 0
93925 16 400 67 196 2 0
93973 10 400 70 194 2 0
93985 4 400 73 192 2 0
94000 0 400 76 190 2 0
94009 0 400 79 188 2 0
94027 0 400 82 186 2 0
94054 0 400 85 184 2 0
94065 0 400 88 182 2 0
94086 0 400 91 180 2 0
94135 0 400 94 178 2 0
94146 0 400 97 176 2 0
94154 0 400 100 174 2 0
94179 0 400 103 172 2 0
94188 0 400 106 170 2 0
94211 0 400 109 168 2 0
94253 0 400 112 166 2 0
94267 0 400 115 164 2 0
94279 0 400 118 162 2 0
94339 0 400 121 160 2 0
94346 0 400 124 158 2 0
94387 0 400 127 156 2 0
94403 0 400 130 154 2 0
94420 0 400 133 152 2 0
94424 0 400 136 150 2 0
94483 0 400 139 148 2 0
94491 0 400 142 146 2 0
94565 0 400 145 144 2 0
94572 0 400 148 142 2 0
94624 0 400 151 140 2 0
94631 0 400 154 138 2 0
94666 0 400 157 136 2 0
94676 0 400 160 134 2 0
94683 0 400 163 132 2 0
94745 0 394 166 130 2 0
94755 0 388 169 128 2 0
94768 0 382 172 126 2 0
94816 0 376 175 124 2 0
94831 0 370 178 122 2 0
94836 0 364 181 120 2 0
94886 0 358 184 118 2 0
94898 0 352 187 116 2 0
94901 0 346 190 114 2 0
94968 0 340 193 112 2 0
94974 0 334 196 110 2 0
95036 0 328 199 108 2 0
95043 0 322 202 106 2 0
95106 0 316 205 104 2 0
95118 0 310 208 102 2 0
95188 0 304 211 100 2 0
95194 0 298 214 98 2 0
95209 0 292 217 96 2 0
95215 0 286 220 94 2 0
95225 0 280 223 92 2 0
95244 0 274 226 90 2 0
95278 0 274 229 88 2 0
95286 0 274 232 86 2 0
95301 0 274 235 84 2 0
95311 0 274 238 82 2 0
95321 0 274 241 80 2 0
95377 0 274 244 78 2 0
95386 0 274 247 76 2 0
95395 0 274 250 74 2 0
95423 0 274 253 72 2 0
95432 0 274 256 70 2 0
95487 0 274 259 68 2 0
95494 0 274 262 66 2 0
95549 0 274 265 64 2 0
95555 0 274 268 62 2 0
95564 0 274 271 60 2 0
95576 0 274 274 58 2 0
95596 0 274 277 56 2 0
95601 0 274 280 54 2 0
95650 0 274 283 52 2 0
95655 0 274 286 50 2 0
95684 0 274 289 48 2 0
95719 0 274 292 46 2 0
95732 0 274 295 44 2 0
95751 0 274 298 42 2 0
95793 0 274 301 40 2 0
95803 0 274 304 38 2 0
95855 0 274 307 36 2 0
95864 0 274 310 34 2 0
95873 0 274 313 32 2 0
95913 0 274 316 30 2 0
95926 0 274 319 28 2 0
95938 0 274 322 26 2 0
95949 0 274 325 24 2 0
95981 0 274 328 22 2 0
95992 0 274 331 20 2 0
96002 0 274 334 18 2 0
96025 0 274 337 16 2 0
96039 0 274 340 14 2 0
96044 0 274 343 12 2 0
96106 0 274 346 10 2 0
96112 0 274 349 8 2 0
96181 0 274 352 6 2 0
96189 0 274 355 4 2 0
96247 0 274 358 2 2 0
96265 0 274 361 0 2 0
96272 0 274 364 2 2 0
96309 0 274 367 4 2 0
96329 0 274 370 6 2 0
96341 0 274 373 8 2 0
96354 0 274 376 10 2 0
96421 0 274 379 12 2 0
96435 0 274 382 14 2 0
96444 0 274 385 16 2 0
96458 0 274 388 18 2 0
96529 0 274 391 20 2 0
96543 0 274 394 22 2 0
96551 0 274 397 24 2 0
96611 0 274 400 26 2 0
96626 0 274 403 28 2 0
96633 0 274 406 30 2 0
96664 0 274 409 32 2 0
96676 0 274 412 34 2 0
96680 0 274 415 36 2 0
96735 0 274 418 38 2 0
96744 0 274 421 40 2 0
96794 0 274 424 42 2 0
96804 0 274 427 44 2 0
96842 0 274 430 46 2 0
96862 0 274 433 48 2 0
96866 0 274 436 50 2 0
96899 0 274 439 52 2 0
96903 0 274 442 54 2 0
96931 0 274 445 56 2 0
96941 0 274 448 58 2 0
96949 0 274 451 60 2 0
96990 0 274 454 62 2 0
96999 0 274 457 64 2 0
97038 0 274 460 66 2 0
97053 0 274 463 68 2 0
97060 0 274 466 70 2 0
97088 0 274 469 72 2 0
97093 0 274 472 74 2 0
97123 0 274 475 76 2 0
97129 0 274 478 78 2 0
97179 0 274 481 80 2 0
97191 0 274 484 82 2 0
97209 0 274 487 84 2 0
97220 0 274 490 86 2 0
97227 0 274 493 88 2 0
97254 0 274 496 90 2 0
97261 0 274 499 92 2 0
97279 0 274 502 94 2 0
97294 0 274 505 96 2 0
97302 0 274 508 98 2 0
97338 0 274 511 100 2 0
97355 0 274 514 102 2 0
97362 0 274 517 104 2 0
97405 0 274 520 106 2 0
97410 0 274 523 108 2 0
97426 0 274 526 110 2 0
97432 0 274 529 112 2 0
97481 0 274 532 114 2 0
97492 0 274 535 116 2 0
97499 0 274 538 118 2 0
97540 0 274 541 120 2 0
97552 0 274 544 122 2 0
97562 0 274 547 124 2 0
97568 0 274 550 126 2 0
97612 0 274 553 128 2 0
97623 0 274 556 130 2 0
97666 0 274 559 132 2 0
97674 0 274 562 134 2 0
97683 0 274 565 136 2 0
97728 0 274 568 138 2 0
97747 0 274 571 140 2 0
